chord,span,airfoil mass,total mass,X_theta,Ia,dhh,dah,daa,Vcr
0.35209,0.78827,1.2348,3.759,0.57029,0.014298,5.9999,13.602,44.687,19.3
0.42179,0.44571,1.0003,3.7959,0.60155,0.010535,4.619,5.9895,38.668,0
0.3494,0.52598,1.3381,4.6703,0.67051,0.015703,7.4542,8.595,33.64,17.6
0.18867,0.57368,1.7966,4.4109,0.58511,0.014757,3.1158,9.1743,38.265,13.9
0.36255,0.42037,1.7449,4.8501,0.60852,0.0099072,4.1153,8.5301,27.157,15.9
0.421,0.23079,1.5927,2.662,0.72768,0.010173,5.501,15.023,28.865,0
0.068831,0.3282,1.3978,3.1743,0.60592,0.015553,6.4059,14.651,30.929,12.4
0.42613,0.2035,1.6103,4.5765,0.6066,0.015527,6.8063,13.294,34.317,18.8
0.36703,0.39742,1.2235,3.1105,0.6769,0.014809,4.4423,9.0555,41.531,17.7
0.2959,0.79471,1.2037,4.6549,0.69517,0.010743,5.3689,9.0208,34.966,15
0.37021,0.26304,1.8214,4.6966,0.6309,0.01201,5.8512,12.038,38.542,19.3
0.35315,0.43348,1.4293,5.0423,0.67459,0.014948,4.3717,11.253,34.689,15.5
0.43539,0.25154,1.5005,3.7381,0.57803,0.015333,7.4119,9.4199,39.523,0
0.10939,0.57189,1.2606,3.5103,0.7288,0.010373,4.5093,9.8629,28.425,11
0.36939,0.79249,1.159,2.8839,0.70045,0.011628,7.8585,14.753,36.072,15.8
0.39404,0.44113,1.6319,5.129,0.6719,0.015535,6.5917,9.8704,35.956,19.5
0.40505,0.31924,1.3954,5.1498,0.64047,0.013612,7.4967,14.984,36.309,17.8
0.093375,0.22167,1.6181,3.8747,0.75239,0.014223,6.3026,10.263,26.477,12.9
0.4348,0.52412,1.0303,4.2622,0.66394,0.0094132,7.4402,8.332,25.723,16
0.095579,0.38655,1.2284,4.1293,0.57323,0.010928,4.3991,13.831,31.088,9.9
0.35237,0.56198,1.7833,2.5151,0.75571,0.01494,3.2432,9.692,28.121,0
0.30208,0.33818,1.5799,3.9828,0.67998,0.012139,3.1671,10.168,30.173,13.9
0.093218,0.47593,1.4509,3.8267,0.72108,0.013906,7.3512,5.5519,25.472,13.3
0.23386,0.77512,1.79,3.5289,0.62669,0.0094137,6.6945,10.098,24.978,14.3
0.22088,0.30121,1.7517,3.2784,0.74836,0.0091202,7.1353,11.296,33.449,15.3
0.3102,0.63598,1.0945,4.806,0.56287,0.01106,3.8896,14.293,21.685,9.9
0.28244,0.58229,1.6513,4.7672,0.57119,0.014718,5.6346,11.974,25.29,13.4
0.26731,0.62151,1.9564,3.5069,0.57708,0.0094014,6.1373,12.992,37.26,16.8
0.18812,0.76809,1.5202,5.0347,0.57472,0.010449,6.8651,14.172,39.544,14.2
0.16821,0.29111,1.8479,4.5279,0.61417,0.010595,4.5951,13.326,40.535,13.5
0.27827,0.5431,1.286,4.2707,0.71925,0.012091,5.2211,9.6866,26.956,13.2
0.32015,0.7422,1.9085,4.4149,0.6121,0.013827,3.6492,6.265,24.753,15.5
0.10829,0.55103,1.0734,4.6403,0.70458,0.015481,5.4532,11.579,42.233,11.9
0.26541,0.36932,1.976,2.2826,0.62525,0.015811,4.8152,8.1215,23.003,14.8
0.41631,0.28129,1.3321,4.8657,0.65993,0.013307,5.9057,12.013,20.713,12.9
0.26115,0.21924,1.8271,3.1933,0.72934,0.010722,5.8975,14.407,21.175,13.2
0.071591,0.21237,1.6815,3.9692,0.58281,0.014574,6.0793,5.7321,21.712,13.9
0.1044,0.67333,1.0924,2.8869,0.60873,0.0097338,7.2818,12.012,38.324,11.8
0.31021,0.50976,1.3264,4.1586,0.58351,0.010035,3.0888,14.673,44.239,14.3
0.099544,0.48045,1.6567,3.0439,0.71091,0.012907,5.129,7.7019,38.823,13.6
0.40935,0.63707,1.4068,4.9882,0.61109,0.012732,7.7638,7.7075,26.232,17.9
0.42107,0.24115,1.2994,3.9481,0.60066,0.013451,6.9819,10.047,36.25,0
0.36838,0.34002,1.6008,2.5107,0.66315,0.014865,7.594,10.012,26.92,0
0.31101,0.75038,1.5098,5.0959,0.59946,0.0097783,4.4768,8.9942,30.499,15.2
0.17459,0.61631,1.0919,3.3796,0.61904,0.011145,3.5178,10.968,27.048,10.1
0.11209,0.2004,1.2836,3.8257,0.73418,0.0092958,7.5136,6.3397,40.823,13.7
0.37019,0.75073,1.1373,3.6875,0.64099,0.010215,5.8659,11.092,25.341,13.4
0.25797,0.79351,1.4899,4.2579,0.64228,0.0092434,4.4542,13.044,28.643,12.2
0.083326,0.50666,1.3668,4.3917,0.66495,0.014632,7.0746,6.9247,23.072,13.1
0.3784,0.58274,1.0161,4.8612,0.66308,0.012812,6.0222,12.634,41.364,17.4
0.20315,0.25079,1.7339,3.1693,0.72795,0.011602,7.1311,6.7952,23.218,14.3
0.40195,0.22645,1.6867,4.3746,0.64743,0.011659,7.8883,9.0199,30.985,19.6
0.11272,0.39562,1.3141,4.8568,0.6094,0.011175,5.0343,12.11,23.571,10.4
0.39853,0.24989,1.4617,2.2645,0.71064,0.0139,4.0626,11.829,33.912,0
0.39027,0.53514,1.9018,3.4319,0.63163,0.012423,4.2698,14.322,31.649,0
0.1516,0.45873,1.7025,3.3803,0.59637,0.014994,5.911,8.7658,25.522,13.1
0.1376,0.51334,1.4334,4.3972,0.57409,0.014931,6.3894,6.3965,41.44,15
0.12993,0.5644,1.543,2.6603,0.56113,0.0144,6.8139,9.2407,21.4,12.1
0.2843,0.30449,1.7286,3.7762,0.61061,0.015419,6.781,13.9,21.7,12.6
0.12341,0.64224,1.6967,4.5043,0.66038,0.011978,6.0462,13.588,36.75,12.8
0.25944,0.37929,1.704,3.3181,0.67354,0.015215,7.2047,14.018,43.455,17.1
0.37617,0.20081,1.0031,2.4357,0.61215,0.0091596,5.1104,8.4406,33.514,16.3
0.42047,0.3791,1.3381,4.7517,0.6281,0.0099668,5.529,13.597,29.588,14.5
0.32828,0.57674,1.4504,3.5942,0.74994,0.0095845,4.3891,9.5001,34.669,15.6
0.40105,0.48146,1.4374,4.4119,0.65358,0.015026,5.3226,10.011,32.166,17
0.14179,0.25133,1.0674,4.8385,0.60663,0.015031,6.5487,13.758,43.43,12.2
0.10588,0.43634,1.9806,4.1077,0.73928,0.012376,3.0605,11.259,25.757,12.1
0.26097,0.635,1.6074,3.9384,0.64669,0.010709,5.1348,5.1318,35.201,16.6
0.43319,0.25727,1.0356,4.832,0.60939,0.0090624,7.0646,6.435,41.977,0
0.088151,0.41154,1.5934,3.9288,0.69354,0.013536,5.1568,6.4276,38.778,13.7
0.14671,0.59028,1.8574,2.4264,0.75442,0.0092202,7.167,13.387,21.226,13
0.26835,0.7659,1.3215,4.5927,0.68028,0.014527,6.9859,5.5256,27.06,14.8
0.31138,0.49379,1.9729,4.4188,0.67357,0.011093,4.2705,13.896,31.15,14.3
0.37639,0.259,1.8596,2.2562,0.73983,0.0153,5.6105,6.232,24.425,0
0.33244,0.69882,1.0348,4.4468,0.75142,0.0114,6.1812,8.4601,25.392,13.4
0.36448,0.63385,1.2788,3.9206,0.6442,0.0096445,3.1101,9.9415,26.937,13.1
0.1859,0.37241,1.1709,3.3711,0.69953,0.010426,6.3216,9.4607,30.812,12.5
0.1201,0.31592,1.6164,2.9803,0.67194,0.015613,6.5624,11.822,43.965,14.2
0.36013,0.56464,1.948,2.3522,0.61374,0.015907,6.851,9.7835,37.002,0
0.21677,0.42809,1.2133,3.3221,0.56593,0.012306,4.6569,14.788,33.866,10.9
0.38852,0.44484,1.462,4.6522,0.75824,0.012668,7.6172,12.42,34.166,17.4
0.43751,0.6947,1.9596,4.1123,0.63591,0.012336,7.5494,5.1785,23.897,0
0.23863,0.5258,1.0597,4.1474,0.73793,0.0097674,5.1789,7.8323,44.611,14.7
0.2935,0.35225,1.1326,3.8083,0.72556,0.014859,7.1567,7.0672,33.59,15.5
0.39998,0.2726,1.8564,4.8726,0.60357,0.0095389,5.3611,13.38,31.715,0
0.21551,0.50165,1.1254,2.5702,0.7341,0.013221,4.3165,13.678,21.433,10.1
0.2331,0.63333,1.339,3.377,0.6654,0.01526,6.8818,5.7237,26.95,14.2
0.20175,0.7188,1.42,2.8929,0.67953,0.012356,7.4827,14.377,40.427,14.3
0.33356,0.64593,1.8997,2.369,0.62718,0.0090303,7.1305,10.104,29.134,0
0.14066,0.5209,1.2895,2.3784,0.57699,0.0094784,5.0391,6.2638,31.055,12.3
0.40958,0.41218,1.1202,3.8806,0.73501,0.01144,3.1996,6.4534,21.895,13.4
0.34621,0.47392,1.6682,4.271,0.67427,0.013401,7.3788,11.654,41.865,0
0.23701,0.2848,1.0681,4.316,0.6216,0.013698,6.2521,10.34,37.858,14.2
0.25192,0.4928,1.4978,4.9812,0.63786,0.00982,4.1921,11.879,40.961,14.8
0.43806,0.3291,1.7603,3.9256,0.64059,0.01257,5.4682,11.544,38.573,0
0.17078,0.25377,1.826,3.3421,0.71506,0.010256,3.5368,14.082,41.889,13
0.44992,0.71855,1.0369,3.8073,0.75952,0.012577,7.3576,5.7322,44.668,0
0.41909,0.53856,1.4315,3.1868,0.70414,0.0090956,4.8603,14.257,33.642,0
0.23955,0.49792,1.309,5.0258,0.7564,0.012595,7.9529,9.5884,30.631,14.4
0.13529,0.31595,1.8328,4.3532,0.66595,0.014804,5.5494,10.55,25.312,12.8
0.28513,0.28566,1.0522,4.2232,0.68171,0.010538,5.0214,11.329,33.863,13.2
0.10103,0.30152,1.001,3.4278,0.6577,0.010119,6.3242,5.2092,22.972,11
0.43085,0.78551,1.0309,3.6549,0.73254,0.0107,7.1614,13.166,35.704,16.6
0.050895,0.42783,1.9044,4.2144,0.63576,0.013424,4.2063,10.744,44.523,0
0.38987,0.37007,1.6825,3.2477,0.75739,0.0095879,4.2415,13.143,22.091,0
0.2625,0.68037,1.7388,2.5983,0.64758,0.011453,5.3825,10.904,23.625,13.6
0.41213,0.58412,1.1629,3.871,0.74632,0.014482,6.4184,9.6922,26.488,15
0.27771,0.34926,1.3193,4.9057,0.73704,0.014562,7.619,6.8184,32.919,16
0.3008,0.74791,1.664,3.3409,0.708,0.014723,5.9917,5.88,43.039,19.2
0.071439,0.51621,1.1189,3.3137,0.72257,0.010709,7.4121,12.156,29.434,11.9
0.14957,0.35171,1.7672,2.3229,0.69706,0.013342,6.7234,14.803,29.578,12.8
0.15408,0.72648,1.8061,3.5567,0.57819,0.01295,3.9269,10.347,28.856,12.2
0.17591,0.63604,1.5158,4.5452,0.6009,0.013747,3.2524,13.042,36.944,11.5
0.4284,0.25493,1.9084,3.7032,0.68298,0.011212,3.3774,13.536,23.593,0
0.19819,0.57343,1.9976,3.7253,0.7581,0.010586,4.98,11.996,21.596,13.4
0.34906,0.45224,1.8113,3.3121,0.62381,0.015902,6.5809,9.1618,22.446,15.8
0.34382,0.58238,1.0738,2.5348,0.75632,0.012478,3.1021,5.5683,23.502,13
0.40739,0.47949,1.5609,3.6567,0.57356,0.015284,4.4328,7.7205,34.835,19.5
0.24035,0.42099,1.6556,4.9879,0.68409,0.01098,4.0159,9.4213,20.661,12.5
0.40047,0.56606,1.2036,3.7331,0.57076,0.015035,5.2047,10.51,34.152,17.5
0.32216,0.42283,1.0782,3.5424,0.56957,0.014168,3.18,14.572,38.539,12.1
0.42498,0.50802,1.2409,2.9532,0.71179,0.015953,4.7735,12.559,22.731,12.8
0.28882,0.45836,1.7307,2.9568,0.57896,0.012157,6.1904,6.3504,31.301,17.5
0.31088,0.6962,1.3081,3.3804,0.73685,0.013904,4.1994,12.628,27.253,12.5
0.16098,0.20366,1.3747,3.4841,0.62086,0.011036,4.2026,14.397,41.485,11.6
0.20889,0.48765,1.565,3.6422,0.61396,0.015928,3.9084,13.647,20.796,10
0.18278,0.64925,1.6444,2.681,0.75044,0.012803,4.2471,10.816,42.867,14.3
0.40824,0.4895,1.4427,3.1086,0.57106,0.014277,3.6497,8.5892,29.877,16.5
0.40421,0.21274,1.8441,3.0375,0.61007,0.012419,6.6352,7.0562,25.387,0
0.44053,0.55594,1.3044,5.0764,0.73919,0.01033,2.999,12.148,41.673,17.1
0.097323,0.22341,1.5982,3.9862,0.66329,0.0090526,6.4347,14.49,41.818,12.5
0.095311,0.41274,1.2419,3.8543,0.68255,0.011106,6.9807,12.986,39.507,12.2
0.19044,0.23258,1.7087,5.1521,0.5925,0.009795,7.5544,9.8466,41.275,17.1
0.37397,0.31206,1.2472,2.3359,0.68179,0.014441,5.5453,5.3075,44.74,0
0.25038,0.3992,1.1739,4.0502,0.67503,0.014257,3.7576,8.5979,23.579,11.6
0.39024,0.40272,1.2752,2.1913,0.72038,0.012482,5.6792,13.739,38.051,0
0.31723,0.3073,1.5505,5.0529,0.6792,0.01466,7.9127,13.889,25.326,14
0.063852,0.47067,1.0138,3.5944,0.75024,0.010743,4.9221,9.3443,40.752,12
0.37986,0.4718,1.3806,4.9509,0.70817,0.014163,7.7246,10.131,39.777,19.6
0.23087,0.70952,1.3904,4.3884,0.75529,0.012663,5.1396,7.1016,28.065,13.6
0.094348,0.42513,1.3299,3.1996,0.72342,0.012722,5.5956,12.773,22.987,11
0.30018,0.40799,1.3346,3.8971,0.73279,0.01039,6.3523,14.048,24.959,12.4
0.16931,0.49791,1.8899,3.6775,0.6154,0.012738,5.8612,9.158,20.349,12.9
0.33111,0.50405,1.3813,2.3681,0.63172,0.01064,4.0075,13.168,29.816,12.8
0.07143,0.42503,1.775,2.6692,0.74244,0.011234,4.6389,7.0724,39.16,13.7
0.077989,0.77002,1.1582,3.0326,0.69743,0.009988,5.5504,12.243,43.201,11.7
0.34284,0.64991,1.4073,2.8918,0.66417,0.010534,7.2019,11.659,40.386,18.4
0.36755,0.48146,1.3095,4.236,0.75737,0.01439,7.1379,12.091,34.863,16.4
0.35115,0.49803,1.8651,2.3774,0.75371,0.0096913,5.7249,9.0597,22.656,0
0.33967,0.56821,1.783,3.8732,0.72226,0.013037,7.7101,13.745,32.67,16.8
0.36553,0.48382,1.8288,3.1407,0.75523,0.010947,3.3542,12.542,40.76,0
0.41894,0.39621,1.8041,3.7881,0.65266,0.014745,7.7495,5.7927,37.697,0
0.14397,0.43934,1.2681,4.6708,0.75907,0.013548,6.5098,14.353,37.171,12.1
0.27734,0.42851,1.6346,3.263,0.64152,0.011581,5.332,10.064,42.743,17.6
0.13257,0.40316,1.5741,3.6341,0.61244,0.013057,7.3816,5.6395,31.002,14.3
0.083703,0.53794,1.5393,4.4775,0.60662,0.013112,5.2849,13.64,36.501,12
0.19155,0.40831,1.2537,5.0309,0.61964,0.010109,4.7965,12.446,37.628,12.4
0.33036,0.20374,1.3743,4.8778,0.62367,0.01318,4.479,6.2801,29.689,15.6
0.37708,0.78871,1.862,2.4248,0.62754,0.010653,4.579,14.874,33.686,0
0.3497,0.70511,1.1669,4.8826,0.58102,0.014216,6.6369,12.205,23.316,12.6
0.22832,0.50527,1.5305,4.7525,0.69554,0.014641,5.6462,14.589,21.647,11.2
0.26661,0.369,1.4809,4.2279,0.60165,0.013257,4.6209,13.838,23.315,10.6
0.090963,0.77547,1.1529,2.6309,0.59111,0.009627,5.2621,11.719,40.763,11.2
0.36609,0.62763,1.4726,4.2991,0.75161,0.01254,4.5153,12.928,25.89,13.4
0.14372,0.47882,1.6194,4.0193,0.58452,0.0098666,4.4123,12.387,30.263,11.3
0.38159,0.76107,1.3991,2.3299,0.67424,0.014234,4.5912,9.9593,25.521,14.5
0.42571,0.48938,1.54,2.8365,0.57919,0.0094212,7.0875,12.745,24.872,0
0.40805,0.61058,1.6568,5.1444,0.56674,0.01197,5.4399,10.865,22.062,14.5
0.31406,0.23138,1.5568,4.3094,0.65758,0.013323,4.0589,11.487,29.496,13.8
0.091485,0.42651,1.2629,2.8972,0.68458,0.01266,5.0562,7.2079,41.444,12.6
0.3944,0.37036,1.6154,4.5118,0.75097,0.015437,4.9141,6.6564,39.899,19.5
0.095527,0.29529,1.3558,4.7166,0.67656,0.013103,7.6192,10.781,20.229,11.9
0.37375,0.56529,1.4799,2.9786,0.61162,0.012367,4.1267,5.516,24.211,15.5
0.15338,0.31875,1.6057,4.6444,0.72212,0.014616,6.5306,13.624,39.507,13.7
0.13152,0.79601,1.0936,4.1252,0.60304,0.010707,4.6884,7.0086,32.651,11.4
0.4303,0.43676,1.5845,3.9929,0.70293,0.011811,7.2835,14.235,38.751,0
0.16424,0.67809,1.1428,3.687,0.68214,0.013927,4.9067,12.317,42.162,12.2
0.072339,0.28293,1.8631,3.4385,0.64226,0.015714,6.7412,14.84,25.818,12.4
0.088491,0.43075,1.5003,3.8841,0.75533,0.01245,4.9944,14.98,26.505,11.1
0.31613,0.77855,1.6712,3.0708,0.66623,0.0090102,7.4089,9.0738,27.51,0
0.43023,0.47639,1.2876,2.4272,0.67644,0.010071,3.3555,10.836,27.155,0
0.19477,0.63489,1.8583,3.217,0.75235,0.015675,4.0202,12.712,35.368,13.8
0.41757,0.56152,1.7021,4.4043,0.63702,0.010761,3.1738,9.7512,36.107,0
0.16159,0.51072,1.2457,3.0658,0.69009,0.01524,7.2955,7.1292,29.957,13.2
0.40515,0.35392,1.9668,4.0308,0.59307,0.014783,6.2685,10.495,26.263,17.5
0.066063,0.34003,1.3611,4.0737,0.75722,0.01045,6.7754,13.893,31.786,12.3
0.11357,0.68655,1.4765,2.5222,0.73514,0.013446,3.4764,14.114,20.855,9.9
0.0659,0.79314,1.6862,3.3034,0.66086,0.014344,3.2344,12.289,37.513,12.2
0.23356,0.54938,1.3391,2.6852,0.63984,0.015438,4.1202,8.6401,28.094,12.8
0.083433,0.5076,1.8329,4.8871,0.70472,0.011681,4.4801,11.947,41.991,13
0.41982,0.24875,1.4827,2.5581,0.61058,0.015188,3.9714,6.2435,33.572,18.8
0.17585,0.42922,1.7915,4.6908,0.69605,0.011918,6.2044,7.1708,35.412,15.4
0.32008,0.56061,1.3463,3.2665,0.5943,0.014568,5.4533,8.5762,39.357,18
0.14472,0.7069,1.8165,4.712,0.63404,0.011683,7.2967,9.6691,34.244,14.8
0.32812,0.77655,1.5463,4.083,0.67418,0.01549,7.3088,6.7284,24.447,16
0.1474,0.65107,1.1991,5.1221,0.70193,0.010228,7.2815,14.124,44.022,12.9
0.27824,0.53773,1.1767,3.7143,0.66969,0.010157,5.4595,10.381,24.95,12.4
0.29927,0.21579,1.3188,3.7723,0.62535,0.013215,4.7997,6.3792,42.825,17.9
0.30622,0.59526,1.6753,4.407,0.72844,0.012617,3.7493,8.8366,40.505,16.8
0.11855,0.39799,1.9665,4.5922,0.60444,0.015998,3.3087,9.2848,30.088,12.5
0.21012,0.26715,1.4243,4.0139,0.75761,0.010539,4.7604,7.6924,27.267,13
0.12536,0.21372,1.4494,2.9042,0.73375,0.0127,7.5607,14.769,34.616,12.5
0.09759,0.75592,1.5936,4.8241,0.6449,0.013251,3.3438,14.278,36.032,10.8
0.0918,0.62014,1.3958,2.428,0.6029,0.010742,4.1233,12.06,38.834,11.2
0.26891,0.53209,1.6306,5.1297,0.68686,0.013203,7.5359,10.738,28.365,15.2
0.43286,0.46395,1.6015,4.3341,0.69576,0.010489,3.3981,7.7748,41.668,0
0.27374,0.47878,1.4303,4.4953,0.69078,0.013604,3.7951,9.3538,32.607,14
0.20013,0.48822,1.3424,4.5047,0.63679,0.013981,5.3947,12.322,43.419,14.1
0.2569,0.74184,1.2182,4.793,0.57654,0.012258,3.0996,13.113,24.46,9.9
0.11616,0.30896,1.6914,2.8146,0.61962,0.014378,5.4958,14.125,21.426,10
0.2247,0.54335,1.5651,4.6447,0.58522,0.011101,3.0006,14.541,39.137,11.4
0.35052,0.28332,1.3493,2.6273,0.65934,0.014661,6.1543,11.914,35.969,16.4
0.34173,0.71591,1.627,2.7151,0.67466,0.010145,7.5203,5.8034,28.443,0
0.28225,0.48514,1.8053,3.7656,0.60546,0.013966,3.7332,11.611,35.83,15
0.14172,0.30934,1.1664,2.6221,0.60055,0.015685,3.0695,14.605,20.622,9.9
0.43844,0.37856,1.5251,4.7603,0.73928,0.010323,6.2936,14.442,44.373,0
0.093174,0.30734,1.7466,2.3217,0.57426,0.012424,7.2395,15,20.09,9.9
0.26704,0.71681,1.9091,4.7094,0.73577,0.014223,3.5774,10.12,24.201,13.9
0.38244,0.75681,1.1695,4.8245,0.63757,0.011678,4.3473,13.709,38.518,15.4
0.22915,0.62578,1.9443,2.6957,0.60892,0.013487,7.0331,13.564,29.933,14.6
0.096198,0.24817,1.3605,4.66,0.60292,0.014537,6.2634,5.2915,39.624,14.1
0.41903,0.49539,1.834,2.5674,0.71196,0.01548,7.1535,7.624,25.306,0
0.25893,0.43841,1.4791,5.155,0.6809,0.015614,5.4422,9.4095,39.296,16
0.34763,0.46574,1.053,2.4368,0.7196,0.013589,3.1517,10.601,37.975,14.2
0.094163,0.32999,1.811,2.5893,0.73638,0.015465,3.0538,8.8016,24.175,12.2
0.26609,0.261,1.0393,4.973,0.75432,0.011526,6.211,5.7095,25.178,12.9
0.065842,0.48162,1.1501,5.1472,0.64541,0.015688,6.6112,10.839,33.486,14
0.33218,0.20302,1.7825,4.9539,0.56166,0.014772,6.8267,15.001,25.671,13.1
0.41782,0.5852,1.1053,2.9778,0.71277,0.014639,3.5113,9.7276,25.457,13.3
0.41908,0.39219,1.8575,2.9528,0.73561,0.010318,6.786,5.3469,36.038,0
0.27675,0.42585,1.2125,4.5498,0.58909,0.012424,3.0542,6.8961,32.111,13.7
0.38529,0.28463,1.7322,4.2465,0.5669,0.012422,7.847,6.1545,38.56,0
0.30542,0.55651,1.4986,3.8769,0.6453,0.0095337,4.4429,10.643,35.813,15.5
0.42231,0.78666,1.0936,4.1585,0.68055,0.012317,4.7713,9.7858,36.756,17.3
0.43386,0.25345,1.7977,3.9456,0.74244,0.0097079,4.4565,5.5459,32.583,0
0.35735,0.36979,1.2254,3.1672,0.65065,0.014162,5.5394,8.8551,42.617,18.8
0.4361,0.57696,1.132,4.0282,0.6366,0.015938,4.4241,12.092,33.36,15.5
0.12728,0.61366,1.0505,2.7266,0.56913,0.015195,7.189,6.2116,30.24,12.6
0.098091,0.54326,1.9494,2.9425,0.75797,0.011449,4.0326,11.688,44.314,13.5
0.29908,0.23812,1.3735,2.6721,0.60626,0.0093655,7.4988,12.963,29.305,14.4
0.38282,0.6523,1.6219,3.3556,0.63186,0.009622,4.6984,10.517,31.494,0
0.30818,0.50811,1.8144,2.4648,0.65274,0.013129,3.9259,11.143,21.279,0
0.28029,0.70541,1.4997,3.4904,0.58981,0.009198,6.7733,12.991,27.319,13.6
0.096083,0.42505,1.8289,4.6986,0.69305,0.015721,7.7056,6.157,36.187,15.6
0.24232,0.23991,1.8978,3.665,0.71426,0.0094225,4.3023,11.541,23.32,13.3
0.30542,0.43097,1.7657,4.132,0.6363,0.0111,4.6907,14.219,31.387,13.7
0.227,0.47251,1.9453,2.8307,0.73648,0.0091391,4.6988,12.69,28.55,0
0.29752,0.47181,1.0102,3.9705,0.68031,0.013546,4.7036,9.963,37.524,14.2
0.40512,0.23303,1.0984,4.1226,0.71281,0.015916,3.6166,8.6748,36.886,16.2
0.2003,0.71808,1.292,2.5737,0.69453,0.010418,7.3326,12.542,30.464,12.8
0.050092,0.28968,1.2738,4.7906,0.68025,0.011248,4.4115,9.3832,42.574,0
0.42004,0.50318,1.6276,4.3311,0.56478,0.013025,3.2227,9.2553,31.673,17.3
0.059051,0.23904,1.924,3.7757,0.63336,0.011548,3.7469,6.5261,28.75,14
0.18439,0.67042,1.4867,3.5677,0.58625,0.015205,6.3628,13.382,36.392,13.4
0.44357,0.78787,1.2502,4.047,0.70565,0.012487,7.2391,6.9392,23.084,16.3
0.051116,0.29177,1.5342,3.7052,0.63704,0.011174,3.0078,13.182,35.94,0
0.22934,0.34645,1.8034,4.6452,0.73044,0.012271,7.8435,13.442,21.944,13.5
0.14504,0.69054,1.4058,3.5722,0.75031,0.015755,6.8164,10.775,42.878,14.1
0.24817,0.29961,1.326,3.0626,0.67166,0.0094723,3.3349,6.6978,43.666,15.3
0.37444,0.62627,1.9702,5.1686,0.75749,0.010051,7.7824,10.335,21.832,0
0.17473,0.7371,1.8348,2.1803,0.68804,0.014622,4.2157,5.6712,26.559,13.8
0.091088,0.49023,1.4189,3.3172,0.73735,0.011944,4.4092,5.5118,25.459,12
0.14567,0.21756,1.7023,2.1962,0.68218,0.011857,4.2347,11.555,27.987,12.1
0.091469,0.52134,1.1649,4.8236,0.69329,0.014934,6.8033,13.1,35.804,12.2
0.33417,0.6132,1.3209,3.7682,0.73464,0.0093818,5.492,9.3576,42.587,17.6
0.30207,0.78982,1.5852,4.6952,0.65376,0.012817,3.8855,11.375,44.054,16.8
0.26361,0.48777,1.7937,2.4514,0.73616,0.0090271,5.5476,11.815,34.124,0
0.24138,0.39231,1.6016,4.9128,0.6965,0.015627,3.4854,10.14,22.733,12.3
0.2681,0.61327,1.1474,4.506,0.63981,0.015288,4.5252,5.6405,25.467,13
0.083133,0.77024,1.0164,2.5173,0.56248,0.010514,3.0471,11.454,32.905,9.9
0.14822,0.31625,1.0909,3.2786,0.56156,0.013219,5.3843,8.1112,38.591,12.7
0.38574,0.35746,1.5142,3.5136,0.62824,0.014874,7.9025,11.295,24.512,15.8
0.099207,0.54798,1.3285,2.9779,0.67005,0.010264,6.3825,5.5869,20.831,11.7
0.16461,0.24643,1.9006,4.7131,0.63914,0.010185,5.1423,9.1922,38.199,15
0.21259,0.77108,1.912,5.0275,0.6292,0.011032,7.4235,7.1303,23.252,15
0.25821,0.74328,1.4025,2.8206,0.57575,0.015531,6.0044,8.8049,36.603,16.2
0.36688,0.4001,1.6927,2.7847,0.75174,0.013983,3.8245,9.4578,35.805,0
0.42199,0.5176,1.6265,4.2158,0.74464,0.01007,5.0186,8.1548,37.327,0
0.40628,0.4944,1.8058,3.1526,0.66998,0.011721,7.4741,11.791,40.69,0
0.094036,0.36754,1.7676,2.8215,0.56681,0.012056,7.6743,7.6509,34.224,14.9
0.19382,0.2161,1.5004,4.6543,0.6118,0.0093212,4.2224,11.637,28.215,11.6
0.3138,0.2078,1.7181,3.3467,0.5667,0.011842,6.5715,14.243,44.58,19.4
0.44337,0.73778,1.8657,4.5762,0.671,0.011932,3.6256,11.576,41.579,0
0.15984,0.7041,1.0708,3.3097,0.61363,0.01007,6.145,8.1937,43.958,13.7
0.24947,0.64317,1.0128,3.9894,0.67529,0.014652,6.2648,13.812,42.539,13.8
0.11089,0.31555,1.791,2.3554,0.63797,0.0111,6.6609,6.0721,39.794,15.3
0.36309,0.51944,1.2534,2.3862,0.68516,0.0091728,3.3002,6.3261,31.245,0
0.31893,0.71367,1.4984,2.3197,0.62277,0.013491,6.9219,7.9215,32.427,17.3
0.37737,0.55708,1.5364,3.1659,0.64234,0.014558,4.706,9.6561,29.176,15.9
0.32183,0.54067,1.6518,3.6466,0.63969,0.012342,3.3229,9.1403,44.207,18
0.36229,0.63741,1.7657,4.443,0.72865,0.014391,7.8833,6.1436,29.882,18.8
0.24682,0.35486,1.037,5.0964,0.70529,0.010036,3.7295,12.078,29.505,10.9
0.080565,0.4465,1.143,4.5701,0.74605,0.009033,6.2402,11.815,26.321,11
0.38727,0.37638,1.0269,2.4532,0.71958,0.01398,6.907,11.269,40.615,17.5
0.064009,0.44328,1.2497,3.616,0.73617,0.010965,5.9857,5.2923,23.86,12.7
0.38356,0.31694,1.8298,3.1875,0.69422,0.0093666,6.6615,10.025,43.562,0
0.16591,0.42594,1.1138,5.0679,0.6465,0.0095919,6.5734,10.098,28.182,11.6
0.35141,0.7016,1.2537,3.7766,0.64703,0.010104,5.9924,14.405,22.674,11.2
0.40999,0.53028,1.4274,2.6304,0.60951,0.012132,5.6539,8.5765,39.308,0
0.40267,0.64046,1.4064,3.9858,0.68822,0.0098923,5.471,8.1347,34.444,18.2
0.42744,0.45616,1.0331,4.9616,0.745,0.011508,4.2899,12.899,32.77,13.8
0.27501,0.61088,1.0924,4.791,0.74859,0.0096762,7.2194,14.124,20.264,10.8
0.25947,0.59021,1.3851,4.1212,0.71257,0.01303,6.1496,7.812,40.976,16.5
0.22073,0.57897,1.8335,2.9839,0.64016,0.01288,5.2093,5.9338,38.59,16.8
0.063046,0.45785,1.0373,5.1007,0.66447,0.015367,4.9062,13.875,26.355,12.3
0.41362,0.73674,1.3985,4.0484,0.67352,0.015262,4.0608,5.0686,41.995,0
0.14405,0.34692,1.6409,3.0869,0.72512,0.015186,7.7169,8.938,40.013,15.3
0.11285,0.5751,1.699,2.4309,0.66624,0.01522,4.3083,7.3779,40.971,13.7
0.24822,0.29142,1.2308,4.1472,0.67259,0.011043,6.1015,12.189,26.998,12.2
0.21491,0.41732,1.7814,2.5798,0.74041,0.011027,5.4878,12.866,36.907,14.7
0.10992,0.61797,1.129,5.0111,0.73728,0.012605,6.387,14.798,23.117,10.4
0.3509,0.69623,1.7814,2.7459,0.64573,0.0091012,4.6164,6.377,31.243,0
0.27891,0.67521,1.4197,3.7709,0.74514,0.015294,5.7142,14.041,21.276,11.9
0.37344,0.40094,1.2287,4.6405,0.62965,0.010158,3.1307,14.584,36.987,12.8
0.39422,0.76346,1.6802,4.9256,0.61134,0.015199,7.5902,8.0306,21.815,16.8
0.35696,0.25097,1.7288,3.517,0.69025,0.010187,5.6472,11.368,20.332,0
0.23815,0.7318,1.114,3.5009,0.69191,0.011063,7.7418,11.973,25.15,12.1
0.2719,0.72757,1.5579,4.4303,0.73898,0.014893,3.6443,6.9215,23.821,13.6
0.061561,0.20545,1.5965,4.0004,0.74378,0.014135,4.4957,9.9857,26.434,13.2
0.34314,0.27006,1.746,4.6027,0.70905,0.01136,5.9116,9.7195,22.162,15
0.38149,0.61157,1.2673,5.0818,0.59675,0.0111,5.0459,7.3949,24.856,15.1
0.33215,0.30833,1.5223,3.0618,0.65256,0.015477,4.0694,5.0401,42.645,18.9
0.32202,0.50897,1.5221,2.4821,0.75938,0.011513,6.1162,8.9637,20.172,0
0.26811,0.50547,1.2468,2.3095,0.72835,0.0093377,4.5716,12.864,44.29,14.5
0.28459,0.66683,1.7277,4.1263,0.69292,0.015571,5.6654,9.0144,36.741,17
0.22621,0.27972,1.4392,3.8162,0.63903,0.011788,6.7467,10.254,32.241,14.4
0.085472,0.35051,1.4476,4.0872,0.70189,0.015948,7.651,5.9523,43.818,15.3
0.11512,0.78227,1.597,2.894,0.57406,0.0111,7.0577,5.7971,28.842,13.7
0.1028,0.29491,1.0621,4.2788,0.5773,0.013318,3.8589,11.544,32.447,10.3
0.1638,0.69834,1.8184,4.9878,0.56007,0.013483,3.0268,6.0942,22.65,12.2
0.19684,0.34376,1.3461,2.9222,0.63741,0.011947,6.1904,12.906,26.73,11.7
0.38759,0.64428,1.8261,2.7199,0.57309,0.013272,6.4978,6.1462,22.376,0
0.28913,0.68734,1.8146,2.4416,0.70626,0.015327,5.2512,5.7369,26.012,15.9
0.34275,0.22429,1.4245,3.7939,0.75077,0.010462,3.5717,11.492,22.69,12.7
0.4434,0.34901,1.6064,4.6234,0.72601,0.012423,6.7936,14.181,42.504,0
0.1357,0.52824,1.7847,2.7566,0.70938,0.012329,5.9063,7.6355,22.101,13.1
0.16925,0.75028,1.4705,2.9817,0.71259,0.014405,3.0965,13.83,39.934,11.7
0.17967,0.60143,1.2963,4.9632,0.61639,0.010182,6.7158,9.8013,36.316,13.9
0.43663,0.38782,1.0764,4.5475,0.63308,0.013096,3.9067,5.7992,23.822,14.7
0.38075,0.38057,1.3839,4.1255,0.72347,0.014364,4.8609,6.9286,36.143,17.7
0.051442,0.36973,1.6386,3.9495,0.62506,0.015923,3.6062,12.389,23.895,0
0.22386,0.69935,1.3599,2.402,0.67139,0.010918,3.6503,12.027,32.128,12.1
0.12309,0.26073,1.2016,2.5775,0.62476,0.015654,5.6507,7.5069,30.912,12.2
0.31764,0.52862,1.6091,4.7627,0.63614,0.014243,3.7735,5.6112,28.473,15.5
0.37687,0.42653,1.9726,3.9893,0.62765,0.015496,7.4821,13.537,26.4,16.2
0.1642,0.66797,1.7014,3.6508,0.75353,0.012333,7.9645,9.9358,32.566,14.7
0.35751,0.43285,1.4533,2.5719,0.7117,0.012957,6.2332,13.011,25.491,0
0.39316,0.74284,1.292,4.3509,0.62789,0.010909,3.8414,11.67,33.376,15.1
0.38164,0.36042,1.1762,3.4669,0.65513,0.014497,3.6433,5.5436,35.668,17
0.061635,0.28172,1.6946,3.7203,0.66852,0.014659,6.9584,10.049,26.896,14.3
0.097866,0.73196,1.9703,5.0009,0.68763,0.0096341,3.3635,6.8545,20.772,12.2
0.33997,0.2865,1.6359,4.5428,0.67325,0.011642,7.0979,8.0788,27.964,17
0.36399,0.50224,1.261,4.3707,0.59259,0.015448,4.1011,5.8661,21.823,14
0.35782,0.69061,1.7404,4.448,0.75224,0.012265,6.925,9.2557,43.573,0
0.050526,0.78876,1.5702,3.2127,0.6715,0.011098,3.7854,11.683,37.085,0
0.36696,0.40917,1.2501,3.2083,0.62573,0.015492,6.7704,7.9124,35.134,18.4
0.35641,0.70769,1.902,3.9604,0.57371,0.010526,7.337,9.1722,36.51,0
0.36339,0.34873,1.5544,2.8621,0.56138,0.014366,3.0992,8.961,26.294,14.3
0.13169,0.59737,1.9147,2.194,0.70928,0.014598,7.529,14.776,22.977,12.5
0.25759,0.69318,1.637,5.035,0.74939,0.015766,3.3267,9.4053,28.001,13.6
0.10362,0.28075,1.8059,3.7476,0.74885,0.015918,5.0395,8.7419,25.651,13.1
0.22841,0.35973,1.4591,3.472,0.61192,0.009936,5.0861,10.099,28.088,13
0.32388,0.46586,1.4357,4.5524,0.72311,0.014265,6.9363,10.043,33.86,16.5
0.3023,0.25879,1.2457,4.0205,0.62099,0.014369,4.3261,5.4251,27.394,14.3
0.27255,0.78144,1.6891,4.3269,0.67181,0.012733,7.3686,8.961,31.432,16.6
0.1333,0.65436,1.5467,3.2455,0.7002,0.0097646,3.0231,11.003,36.459,11.7
0.282,0.74597,1.636,3.75,0.61192,0.0093582,6.6498,6.6729,26.99,16
0.15377,0.52826,1.5413,4.5376,0.73392,0.014513,7.8371,6.8347,43.245,15.9
0.068061,0.34439,1.0089,4.1881,0.74096,0.013007,3.7673,10.054,34.173,11.6
0.12531,0.39452,1.716,3.8321,0.58846,0.011663,4.9728,10.797,20.465,11.2
0.28103,0.75932,1.1069,4.3697,0.7541,0.013262,6.5883,8.0575,31.456,14.2
0.069211,0.43121,1.3617,3.0361,0.72334,0.012154,7.0232,12.932,27.054,12.2
0.077324,0.23296,1.6375,3.4462,0.74111,0.011921,3.7603,10.43,43.407,12.7
0.31438,0.43679,1.259,4.717,0.74901,0.011639,3.3264,6.8458,34.374,14.6
0.12435,0.37487,1.4617,3.2142,0.62363,0.012219,4.1695,5.3075,36.441,12.9
0.11352,0.6816,1.4086,3.1555,0.7092,0.014224,3.8598,6.2054,24.331,11.6
0.30096,0.70513,1.5101,2.6706,0.70286,0.015349,4.0827,13.74,25.276,12.4
0.38467,0.71558,1.5234,3.6054,0.73798,0.0094555,5.5373,11.238,38.319,0
0.142,0.21312,1.139,4.4818,0.75395,0.011708,7.9571,8.2939,23.409,11.8
0.2039,0.53758,1.6338,3.7981,0.623,0.010115,3.7531,6.3995,37.725,14.8
0.23595,0.26796,1.7009,2.7133,0.72073,0.012598,5.7322,7.1084,39.595,16.7
0.2606,0.54261,1.422,4.3368,0.57463,0.013164,7.2999,9.518,36.294,17
0.17139,0.56446,1.2789,4.572,0.71923,0.015679,5.2117,9.5988,34.975,12.8
0.38705,0.21872,1.1873,5.0041,0.74958,0.012171,7.0442,14.319,36.798,16
0.19893,0.44342,1.4388,4.2092,0.65301,0.015673,4.7635,8.4202,42.377,14.9
0.26817,0.64957,1.1249,3.533,0.57495,0.013643,6.5083,14.22,36.482,13.8
0.32604,0.71223,1.4679,3.5487,0.72122,0.014773,3.9422,5.2867,21.4,14.1
0.10717,0.30285,1.6258,2.2618,0.65447,0.013749,3.5639,7.3906,27.207,12
0.1191,0.39422,1.8011,3.0722,0.71513,0.012869,5.7635,12.336,39.321,13.7
0.41034,0.2829,1.7941,2.7415,0.56579,0.0098917,3.6587,6.3131,43.361,0
0.15929,0.76561,1.6382,4.7909,0.63341,0.010653,3.9266,10.486,26.358,11.6
0.17233,0.20933,1.5875,5.061,0.72997,0.0090556,6.1601,8.6229,22.831,12.7
0.26633,0.44985,1.5171,4.8317,0.58988,0.012043,3.2852,8.8403,38.039,15.2
0.088048,0.60031,1.2964,3.969,0.59037,0.012055,3.0534,7.3202,26.572,10.9
0.25455,0.32905,1.3461,4.4168,0.64272,0.0093903,4.9401,9.7748,40.613,15.5
0.17146,0.69307,1.5657,2.3364,0.612,0.013124,5.3887,7.0165,25.955,13.1
0.36208,0.57039,1.1441,4.3217,0.6403,0.012237,6.5264,9.0421,20.34,13.2
0.079856,0.55464,1.446,4.9532,0.57898,0.011628,5.72,6.1468,42.592,14.1
0.30331,0.74325,1.6306,2.216,0.6233,0.0097831,6.1373,5.6371,36.83,0
0.24098,0.38333,1.5163,4.2944,0.72272,0.011211,4.5465,8.4798,36.638,14.9
0.39443,0.65707,1.8758,4.787,0.59456,0.014952,7.7879,12.732,41.855,0
0.076965,0.58808,1.3241,4.0943,0.73595,0.011615,6.8237,6.7109,32.973,13.2
0.30098,0.62835,1.3064,2.9644,0.7432,0.013305,3.4559,11.307,24.781,12.3
0.36079,0.7187,1.3336,2.5795,0.71309,0.01123,4.2519,7.0307,21.705,0
0.27076,0.44229,1.7501,3.6349,0.63696,0.0094299,4.0585,10.469,30.246,14.3
0.41039,0.23377,1.4435,3.7867,0.58681,0.012787,7.2768,7.0102,23.87,17.4
0.074551,0.59664,1.0186,3.0466,0.75476,0.014352,4.2084,11.851,23.426,10.9
0.30192,0.71421,1.8998,3.2184,0.65726,0.013757,6.5106,9.6388,29.087,16.6
0.16211,0.24572,1.4446,2.6704,0.63975,0.015444,5.5467,14.171,22.278,10.4
0.44721,0.25786,1.3131,4.5294,0.68048,0.012261,4.4807,6.3617,27.355,16.7
0.11665,0.39026,1.1098,4.6696,0.75432,0.010528,6.5204,5.4201,35.387,12.3
0.31775,0.22232,1.0033,2.6007,0.73248,0.010932,5.6485,10.252,34.17,14.1
0.18321,0.44805,1.4143,5.1251,0.57155,0.011776,6.9466,10.972,27.719,12.8
0.41072,0.25588,1.319,4.8342,0.69149,0.013792,5.3597,6.4424,43.753,0
0.40305,0.46246,1.835,3.1487,0.63353,0.014564,3.4865,14.548,20.017,0
0.16816,0.22907,1.4427,4.5428,0.7427,0.012733,7.0104,10.657,38.752,14.2
0.053692,0.48607,1.2503,3.0971,0.75339,0.010462,5.5924,7.2855,34.16,0
0.44927,0.27912,1.9547,2.5449,0.59725,0.013526,3.6308,5.8432,36.461,0
0.06096,0.79111,1.5393,3.2948,0.70135,0.015632,4.9014,11.959,35.032,13.3
0.3601,0.5551,1.3762,4.7252,0.60515,0.014579,7.9744,7.8431,37.74,0
0.31586,0.4489,1.4983,5.0207,0.75064,0.01413,4.9134,5.4308,34.553,16.6
0.27589,0.41311,1.8802,4.0469,0.6848,0.01107,3.3634,7.9671,25.848,14.4
0.18836,0.70909,1.1604,2.6469,0.66173,0.013223,3.797,11.385,41.079,12.2
0.36291,0.35874,1.3147,2.7229,0.64949,0.011287,4.3891,14.348,29.972,12.5
0.20177,0.55571,1.0685,2.789,0.70472,0.013026,3.9912,13.465,30.573,10.5
0.2679,0.51678,1.1851,2.4184,0.65282,0.0092139,5.1649,10.609,35.95,14.1
0.063687,0.62594,1.1693,3.9534,0.68161,0.014407,3.2714,13.577,29.587,11.3
0.20985,0.39525,1.5554,3.0596,0.63322,0.011443,6.1411,11.674,44.782,15.9
0.42774,0.41021,1.193,4.932,0.61774,0.012856,7.5866,5.9305,26.422,17.9
0.22082,0.54663,1.8995,2.828,0.75341,0.012038,6.9141,10.282,28.262,15.2
0.22264,0.63074,1.9162,4.8434,0.58694,0.0098394,7.4573,11.561,20.987,13.4
0.25189,0.73667,1.3857,3.0495,0.60681,0.010407,4.8915,10.978,26.69,12.5
0.29898,0.68274,1.104,4.361,0.68972,0.012323,7.6546,5.9944,34.958,16.4
0.14343,0.2194,1.5799,4.6999,0.67138,0.014879,4.0148,11.243,24.331,11.4
0.16582,0.2111,1.7015,5.0296,0.7098,0.014297,5.7004,7.8506,26.102,13.5
0.16453,0.77788,1.2307,3.7853,0.601,0.012038,3.7011,8.7858,39.819,12.4
0.37513,0.74227,1.5404,4.6269,0.70168,0.0093025,3.7197,7.3634,26.148,15.2
0.11811,0.34103,1.2755,5.0281,0.62933,0.011081,5.0121,8.0524,38.913,12.4
0.1939,0.27494,1.6172,3.2399,0.63259,0.0094794,7.3258,9.609,21.92,13.1
0.41197,0.36902,1.6139,4.1589,0.6,0.01572,6.3155,10.443,41.704,0
0.27282,0.21284,1.4827,4.5973,0.7072,0.013006,3.0349,12.213,31.216,12.5
0.31385,0.65193,1.8047,2.2608,0.71596,0.012971,3.3706,7.5462,23.316,0
0.27579,0.52459,1.0689,5.1386,0.61022,0.011208,4.4933,5.4504,33.178,14.4
0.15241,0.44523,1.9475,4.9311,0.58425,0.013144,4.7883,12.223,33.069,13
0.15434,0.49585,1.8558,4.3465,0.59982,0.010101,4.8424,13.653,37.099,12.8
0.30368,0.28479,1.0793,4.8017,0.64409,0.012414,5.2916,10.187,26.78,12.7
0.14263,0.73972,1.9087,3.9842,0.63305,0.01319,6.3324,13.976,22.163,11.7
0.2656,0.45707,1.6172,3.8499,0.60517,0.0097316,3.0399,5.6215,28.046,14.2
0.36179,0.40129,1.6196,5.152,0.6896,0.012778,4.1513,12.428,42.205,17.5
0.39392,0.55824,1.6548,4.9183,0.64664,0.011028,6.1494,7.9842,35.531,0
0.069014,0.79677,1.2068,3.9954,0.62953,0.014024,3.13,5.6984,43.157,12.6
0.085109,0.39944,1.5262,2.9132,0.66858,0.014466,5.5994,14.349,23.658,10.9
0.21671,0.36818,1.5981,2.2827,0.57274,0.01126,3.4819,6.7304,29.259,13.5
0.065905,0.62554,1.6413,2.6955,0.57243,0.011847,5.3053,7.0567,41.719,14.3
0.28918,0.21381,1.8994,3.5321,0.57161,0.0097439,7.9821,13.693,35.36,17.7
0.060778,0.39351,1.4638,2.4704,0.6742,0.011281,5.2425,10.808,21.851,11.6
0.072937,0.38057,1.5217,3.8589,0.60831,0.015389,7.1187,9.4755,44.532,15.2
0.28131,0.34065,1.8106,3.5271,0.60999,0.015688,3.7033,10.156,44.278,17.4
0.30933,0.5688,1.4697,3.9066,0.74226,0.011634,4.1338,9.2652,26.82,13.9
0.22783,0.57651,1.5346,3.3296,0.73469,0.011102,4.9901,10.207,21.526,12.6
0.14255,0.27109,1.0988,4.8441,0.56668,0.014873,5.5263,6.1672,32.241,12.4
0.28978,0.25413,1.9782,4.1324,0.65223,0.015046,4.3041,13.27,28.204,13.8
0.42652,0.34646,1.9571,3.7058,0.67292,0.015956,6.8449,8.168,21.427,0
0.06763,0.68777,1.4121,3.3258,0.66463,0.015245,5.0196,11.074,22.35,12.3
0.18439,0.28691,1.2449,3.3102,0.61406,0.010509,6.1587,13.027,25.193,10.9
0.4085,0.64743,1.5364,5.0832,0.67298,0.010524,7.2788,13.65,27.813,15.6
0.18079,0.70401,1.4925,2.329,0.7156,0.011987,4.3898,8.3651,29.153,12.8
0.36792,0.22321,1.7267,4.7914,0.61716,0.013598,4.1494,11.25,21.858,13.3
0.4367,0.56598,1.3837,2.265,0.73151,0.013225,7.2292,10.076,20.178,0
0.41763,0.44642,1.7324,2.6266,0.72305,0.015367,6.8797,12.601,30.11,0
0.33076,0.53928,1.5847,3.208,0.70085,0.010126,2.9976,10.65,33.642,0
0.27033,0.61672,1.9275,5.0059,0.74065,0.013229,7.621,6.1995,28.5,17.2
0.064692,0.52302,1.7372,2.717,0.64525,0.0096872,4.5061,12.831,33.404,11.8
0.35763,0.58337,1.8931,2.3554,0.59515,0.011914,6.689,13.96,20.626,0
0.10503,0.45445,1.7646,3.7466,0.7109,0.010189,6.3536,11.217,20.151,12.1
0.34609,0.79504,1.1282,3.255,0.59821,0.014001,3.8793,14.898,20.405,9.9
0.065919,0.6826,1.8598,3.8721,0.71082,0.012637,5.9195,6.9373,32.566,14.6
0.070366,0.23366,1.3352,4.066,0.7384,0.013714,6.4163,11.987,39.976,13.3
0.31424,0.51196,1.3317,4.9758,0.6093,0.012578,6.6916,7.5717,41.12,19.3
0.26526,0.74608,1.3507,4.9793,0.74554,0.013114,3.4988,8.6988,26.876,12.8
0.15644,0.33592,1.0013,4.8523,0.6507,0.013049,4.568,14.97,44.577,10.9
0.43582,0.59976,1.7262,3.1754,0.66455,0.010913,6.5819,12.81,22.007,0
0.13863,0.32238,1.6241,4.3489,0.72687,0.0091323,4.0006,9.7209,29.44,12.1
0.18616,0.23831,1.7613,3.3813,0.69486,0.012858,3.2473,8.105,44.116,14.8
0.42259,0.42682,1.6177,3.8609,0.72611,0.015704,3.3675,13.91,34.041,0
0.12774,0.33287,1.7058,3.9636,0.67726,0.015779,5.8987,6.028,24.145,13.3
0.090838,0.28775,1.6716,4.0929,0.63449,0.01014,4.9376,13.03,29.975,11.4
0.35205,0.37713,1.64,4.8287,0.60193,0.012362,3.5549,6.3537,21.58,14.4
0.081719,0.57617,1.4113,4.0891,0.73131,0.014345,7.8708,12.845,43.37,13.9
0.34566,0.35217,1.7193,4.2538,0.71466,0.014231,4.5819,10.134,39.307,17.8
0.27913,0.77231,1.1716,4.895,0.71044,0.011003,6.1271,9.6583,23.216,12.5
0.26975,0.78171,1.4421,3.9462,0.58219,0.010399,3.8048,5.3988,26.798,14.1
0.14205,0.41513,1.1343,5.1691,0.6627,0.011715,4.2393,8.6775,29.956,11
0.42052,0.49728,1.6092,2.1877,0.67755,0.014442,6.2759,10.313,40.624,0
0.43497,0.38824,1.7971,3.0288,0.56298,0.009659,4.6336,8.0857,20.431,0
0.11488,0.46639,1.7668,4.2171,0.70291,0.012218,7.5863,14.919,43.295,14.1
0.23461,0.74295,1.3865,3.9823,0.67206,0.014921,4.414,11.663,35.036,13.2
0.31259,0.38596,1.3316,2.7379,0.58014,0.011006,4.7641,10.388,44.751,18.3
0.061271,0.62572,1.9052,4.7708,0.58383,0.015687,5.1945,13.788,41.604,14.1
0.19206,0.57869,1.8645,2.2363,0.57536,0.011637,3.736,5.371,39.536,15.8
