chord,span,airfoil mass,total mass,X_theta,Ia,dhh,dah,daa,Vcr
0.089016,0.3671,1.5469,5.0458,0.75298,0.010103,7.843,14.602,32.114,12.5
0.37011,0.28513,1.4218,4.9205,0.71844,0.015716,6.2687,5.3871,41.208,19.9
0.4236,0.60724,1.7577,4.4027,0.63845,0.013588,3.8459,12.09,20.776,13.1
0.16077,0.2277,1.0971,4.6437,0.69897,0.01122,7.7411,5.3745,30.949,12.9
0.20262,0.65931,1.7952,2.7339,0.65795,0.012119,6.2216,12.124,38.847,15.3
0.16041,0.60782,1.6551,2.6611,0.5838,0.012489,7.7887,8.4339,34.612,15.3
0.13952,0.65076,1.2551,3.6912,0.69982,0.015236,7.7865,10.502,23.446,11.9
0.10972,0.3545,1.8407,2.9361,0.72286,0.010705,7.6363,8.5298,24.895,13.7
0.15043,0.56963,1.4733,3.2283,0.72617,0.013097,5.7386,14.202,27.126,11.5
0.35288,0.65224,1.3804,3.8768,0.57517,0.0093777,5.644,12.822,43.33,19.6
0.10196,0.54129,1.4694,2.209,0.62742,0.010135,6.9614,8.1422,33.193,13.1
0.11626,0.56119,1.263,4.1355,0.69784,0.014237,5.2427,5.8682,25.704,11.9
0.41533,0.29143,1.8258,3.7883,0.75923,0.0095472,5.2034,6.0965,44.027,0
0.051854,0.66495,1.8173,4.7794,0.57689,0.011798,4.2894,13.031,30.765,0
0.41426,0.30911,1.2638,2.6099,0.58721,0.015085,5.8885,10.529,23.604,14.4
0.39121,0.57323,1.351,3.713,0.64036,0.0095318,4.1896,6.2632,24.578,15.2
0.14598,0.45036,1.0497,4.8814,0.74896,0.012436,5.4363,8.4072,42.481,12.4
0.1977,0.26672,1.7803,3.3425,0.60834,0.011827,3.4723,6.3497,43.531,15.8
0.43245,0.54513,1.0598,2.8776,0.63063,0.014748,3.067,5.4602,24.205,14.4
0.30965,0.63903,1.6477,3.5261,0.6694,0.011074,6.7135,6.9196,37.149,18.7
0.1234,0.42109,1.6256,4.514,0.57623,0.015506,6.8686,9.8979,30.876,13.5
0.22871,0.38381,1.5085,3.7056,0.72353,0.014564,6.2116,8.8161,40.27,15.9
0.26313,0.41044,1.939,4.8011,0.67003,0.013357,5.9252,7.1074,27.511,16.1
0.23837,0.33829,1.8443,2.7576,0.60518,0.010195,4.1283,9.387,27.758,14
0.41935,0.45812,1.1848,4.8879,0.75595,0.012072,3.5456,7.6106,30.198,15.3
0.28796,0.35733,1.6028,4.3069,0.60435,0.0098219,4.4734,8.2178,30.584,15.3
0.25314,0.25131,1.2625,4.5763,0.56584,0.015502,6.6417,9.9161,34.443,15.3
0.14491,0.47531,1.9631,3.8137,0.66423,0.010621,5.4345,11.271,36.958,14.2
0.20821,0.42046,1.988,2.2865,0.73703,0.015393,6.9709,6.0171,26.527,15.8
0.18414,0.60784,1.1366,4.337,0.58135,0.013576,5.4609,12.821,37.856,12.2
0.41149,0.73455,1.3342,4.2695,0.59956,0.0092138,6.7104,10.03,31.978,18.6
0.41189,0.56592,1.6177,4.7516,0.7211,0.013037,3.9046,7.4293,42.143,0
0.06147,0.49394,1.1679,5.1093,0.70254,0.012503,5.3454,5.6262,37.029,13.9
0.066972,0.24287,1.5216,2.4635,0.72363,0.014723,6.6022,6.5287,36.47,14.4
0.25744,0.78378,1.649,4.5743,0.65076,0.012027,7.1166,5.8647,23.309,15.1
0.11936,0.43456,1.8314,4.5834,0.57209,0.011795,5.6244,9.198,36.401,14
0.30119,0.37519,1.4317,2.2198,0.75681,0.01017,3.5211,8.7541,24.933,0
0.24588,0.4037,1.9516,4.9343,0.57054,0.014165,4.3356,9.2584,33.677,15.8
0.42709,0.45065,1.9831,3.0777,0.70022,0.013664,5.6856,12.011,36.643,0
0.12125,0.27681,1.9991,2.6867,0.56652,0.012928,7.3993,11.722,24.741,13.2
0.19757,0.47644,1.9816,2.6425,0.7311,0.013513,4.8714,6.9392,30.686,15.1
0.24281,0.27237,1.5895,2.8519,0.63692,0.013081,4.249,7.9344,35.407,15.1
0.15611,0.69463,1.9827,4.364,0.62878,0.013088,3.5288,14.093,41.971,12.7
0.3771,0.35644,1.5944,2.2408,0.64505,0.011189,3.7974,6.8177,30.552,0
0.087692,0.55911,1.4709,4.2611,0.69998,0.01347,3.158,5.7181,27.97,11.9
0.26235,0.59267,1.4076,4.6332,0.70367,0.015781,5.6467,8.2815,22.621,13.3
0.29438,0.66728,1.4235,2.4458,0.61329,0.010076,4.395,9.4309,33.159,14.9
0.23297,0.72522,1.5181,5.0042,0.68754,0.015704,4.1935,11.791,27.207,12.3
0.31872,0.61708,1.068,2.9377,0.60481,0.013675,7.212,8.4746,39.493,17.9
0.32013,0.20403,1.6022,3.3336,0.7432,0.0090081,5.3022,9.2735,31.503,0
0.35806,0.39348,1.7847,3.5874,0.56715,0.010231,6.5988,9.7649,23.798,16.1
0.18645,0.56443,1.1917,4.3886,0.60857,0.015422,4.3353,12.685,24.697,10.1
0.165,0.25467,1.5762,4.2234,0.66932,0.01198,6.2122,11.506,36.955,13.8
0.30431,0.7671,1.2089,4.3011,0.60725,0.0098358,6.0265,9.5314,31.448,15.1
0.31478,0.66217,1.3502,4.1593,0.64323,0.014894,7.1546,7.5944,35.317,17.6
0.2829,0.52444,1.8699,2.9676,0.62361,0.0098345,7.6891,11.486,31.967,16.9
0.30573,0.52683,1.6473,3.805,0.70421,0.012657,7.9585,7.2168,22.625,15.7
0.093879,0.23815,1.4046,3.5184,0.63316,0.014345,6.1295,12.75,43.301,12.9
0.4391,0.31522,1.1389,4.2621,0.57876,0.012678,5.6417,13.641,32.101,15.7
0.20738,0.60286,1.7413,3.7335,0.62954,0.01005,5.9205,7.6515,21.091,13.4
0.35197,0.34567,1.4424,4.2367,0.63185,0.014154,4.9635,11.864,37.581,16.7
0.22692,0.21175,1.3309,3.4462,0.61405,0.010379,7.0986,9.3292,42.174,16.6
0.20647,0.66147,1.3968,4.5988,0.71102,0.011642,4.0701,12.934,43.713,13.4
0.18103,0.60276,1.4386,4.6738,0.71377,0.010171,7.2999,14.929,32.841,12.6
0.40371,0.55282,1.1548,2.7729,0.64139,0.014241,7.1179,12.93,27.943,14.6
0.26363,0.25397,1.1117,2.5822,0.69573,0.012466,3.9386,9.9801,23.67,11.4
0.07199,0.71043,1.5606,4.9621,0.69933,0.01308,7.067,13.82,44.703,13.9
0.050209,0.71926,1.6126,5.1432,0.66554,0.012357,6.9967,7.3084,32.432,0
0.41034,0.5448,1.8452,4.3892,0.6772,0.010727,6.3221,5.8648,35.629,0
0.31438,0.63785,1.8908,5.1202,0.71381,0.01307,7.6316,10.831,20.405,15.1
0.098344,0.71763,1.4843,4.7079,0.60188,0.012866,6.1394,5.3499,35.348,13.8
0.19496,0.22972,1.4896,2.7508,0.58462,0.010438,3.7226,6.9207,21.046,11.7
0.30408,0.36912,1.5386,4.2588,0.65982,0.012751,5.2159,6.2693,32.239,16.4
0.3912,0.72436,1.2703,2.7987,0.673,0.013482,5.0751,7.0898,43.678,0
0.082828,0.26343,1.142,2.6727,0.68419,0.013016,3.2504,14.342,38.197,10.1
0.34514,0.23804,1.8604,4.9765,0.75688,0.015013,6.9178,10.164,24.42,16.2
0.20944,0.28036,1.0309,4.9907,0.62026,0.011069,4.6547,9.7007,36.185,12.5
0.060091,0.70532,1.559,4.7356,0.62958,0.012122,3.2612,6.8011,36.55,13
0.18233,0.73909,1.1182,5.1386,0.668,0.013948,7.9875,7.9085,30.343,13.1
0.23594,0.65837,1.8182,2.474,0.59562,0.011517,3.2735,10.249,28.376,13.2
0.12027,0.32537,1.9052,4.1995,0.65369,0.015385,3.5101,12.485,38.387,12.4
0.27474,0.31052,1.5972,3.0731,0.58682,0.010488,7.4647,5.7445,26.042,16.2
0.071502,0.46503,1.0133,4.8649,0.59933,0.0096536,4.5268,9.5906,22.522,10.7
0.44816,0.39926,1.2973,2.3594,0.61965,0.0093245,5.5171,12.644,35.757,0
0.085957,0.24852,1.7772,4.8887,0.66675,0.0097641,7.119,8.411,27.329,13.5
0.34853,0.2062,1.0484,4.177,0.68069,0.012683,6.6385,12.103,39.514,16.5
0.16519,0.61552,1.5567,3.3629,0.57232,0.014461,4.6779,11.109,38.511,13.3
0.091925,0.27673,1.5495,3.629,0.7381,0.014593,6.6617,5.5433,21.802,13.1
0.085411,0.67901,1.943,4.2244,0.58642,0.014059,3.5418,6.2049,35.998,13.5
0.18153,0.59229,1.7491,3.9229,0.70801,0.010644,6.6648,14.736,41.653,14.6
0.084494,0.41986,1.3692,4.2284,0.67959,0.014526,4.8283,7.0903,22.147,12.2
0.35877,0.3234,1.3883,3.8286,0.60579,0.013494,5.4124,6.5485,39.528,19.8
0.090243,0.37644,1.2374,3.7659,0.5783,0.011837,3.5142,6.1528,39.591,11.8
0.16663,0.56212,1.9644,3.4708,0.69895,0.014307,5.1532,11.585,22.724,12.9
0.4235,0.31248,1.2662,4.5668,0.65752,0.014383,4.97,7.7594,20.911,14.3
0.31932,0.45774,1.4517,4.0029,0.57188,0.011211,6.8536,11.994,23.113,13.4
0.10206,0.25541,1.0078,3.4426,0.69111,0.01406,5.646,6.1182,35.774,12
0.1006,0.28058,1.0986,2.5994,0.59365,0.010374,4.5774,8.1943,25.419,10.4
0.15042,0.73575,1.7032,3.8405,0.59689,0.010484,3.3767,14.168,37.648,11
0.27312,0.38806,1.1662,4.0408,0.75759,0.010193,4.279,8.998,21.83,11.9
0.32364,0.44143,1.9828,3.3799,0.68413,0.010081,4.8967,6.6413,38.933,0
0.39844,0.41047,1.6855,3.0557,0.66613,0.014827,5.9775,8.3831,27.461,0
0.23104,0.45359,1.3596,3.8483,0.70851,0.01197,5.1368,6.2787,20.591,12.6
0.16607,0.39051,1.6537,5.0441,0.74715,0.012205,4.1924,12.669,38.963,13
0.34626,0.64621,1.1059,4.218,0.65265,0.010485,3.4826,13.266,24.355,10.1
0.11543,0.59959,1.8944,3.723,0.70054,0.010075,7.7573,10.439,36.973,14.9
0.064625,0.68552,1.7486,2.5339,0.66501,0.011281,5.7222,9.0188,30.357,13.3
0.1223,0.35323,1.0205,4.9443,0.69074,0.015528,3.8076,14.241,39.846,10.3
0.28096,0.46402,1.2576,4.4291,0.60573,0.0094493,6.8266,11.742,37.86,16.1
0.30682,0.45143,1.3908,4.6217,0.62349,0.014702,6.9354,13.553,32.621,14.9
0.30426,0.77054,1.444,2.3534,0.73335,0.013418,4.7654,15,25.584,12.5
0.31098,0.56299,1.3872,2.5999,0.56503,0.011948,3.9105,12.288,29.239,12.6
0.38662,0.64054,1.571,2.7039,0.75148,0.010857,7.6129,7.2677,29.319,0
0.085,0.58407,1.1806,2.3085,0.70463,0.011432,6.2931,8.8687,35.664,12.2
0.05866,0.74634,1.8006,4.4108,0.72262,0.011683,6.0764,10.785,33.231,16.1
0.16003,0.34918,1.4516,2.8564,0.72089,0.015903,3.14,10.387,22.157,11.2
0.37084,0.79349,1.0669,4.9915,0.56364,0.013787,6.9087,10.371,42.114,0
0.4096,0.57556,1.1379,2.8267,0.59643,0.0092927,3.5247,11.194,43.472,19.4
0.19178,0.44638,1.9843,5.01,0.69533,0.015918,6.8242,8.397,36.54,16.6
0.14767,0.3773,1.6802,3.7568,0.64232,0.013218,6.7426,10.865,33.775,13.9
0.28343,0.50709,1.0826,4.332,0.75923,0.011482,7.8463,8.4945,42.144,16.5
0.23188,0.44806,1.2177,2.5503,0.62178,0.014083,6.9044,11.968,20.225,11.3
0.38729,0.7534,1.771,2.3013,0.63564,0.01393,6.6376,7.2728,26.706,0
0.31921,0.4865,1.6237,2.8826,0.59542,0.014808,6.8246,14.375,22.677,12.6
0.12289,0.25946,1.4898,2.753,0.73918,0.0096936,3.2108,10.603,39.292,11.9
0.17478,0.30739,1.339,2.8037,0.66203,0.015345,6.1346,6.0453,29.751,13.4
0.071847,0.50077,1.4317,5.166,0.72232,0.0124,7.4622,6.4055,29.73,14.1
0.42094,0.7505,1.7136,4.0283,0.62866,0.015552,3.6139,12.336,36.142,17.1
0.38326,0.43897,1.7498,4.679,0.62449,0.012866,7.8856,10.523,28.241,18.1
0.29779,0.41638,1.7565,3.415,0.65847,0.013863,7.8537,8.3075,40.925,0
0.34563,0.7725,1.0319,3.2439,0.69253,0.010971,4.1419,12.141,35.594,13.7
0.28624,0.59626,1.0476,3.2197,0.65027,0.010686,6.5652,13.592,27.018,11.7
0.34242,0.28266,1.8367,2.5891,0.67764,0.011563,7.0238,10.068,32.22,0
0.40082,0.41189,1.4494,5.0639,0.56846,0.015811,3.936,11.701,34.641,16.7
0.32004,0.41661,1.6203,4.6068,0.56385,0.0095871,7.864,11.543,25.761,15.6
0.2114,0.27321,1.2684,2.9468,0.62633,0.010066,4.73,6.2466,42.084,15.1
0.087711,0.75802,1.399,2.3155,0.62847,0.014152,6.9634,10.479,37.136,13.2
0.40745,0.23288,1.3037,2.3119,0.5991,0.014041,6.5988,13.808,34.541,16.8
0.078274,0.75365,1.8004,3.0311,0.66873,0.015893,6.5684,13.42,30.812,13.1
0.23825,0.53643,1.2691,4.4204,0.66078,0.013528,4.5287,6.4172,31.869,13.8
0.19498,0.67287,1.7803,4.1788,0.5867,0.0091509,5.7892,8.0382,43.465,17.2
0.44236,0.37197,1.8008,4.8616,0.67951,0.015188,7.7087,10.522,38.19,0
0.2807,0.21551,1.4465,4.1122,0.66424,0.011606,7.6757,13.325,41.207,17
0.19901,0.55591,1.8726,4.9738,0.69369,0.010447,6.2593,5.7505,30.148,15.5
0.31677,0.76024,1.811,3.6269,0.71135,0.011919,7.8489,14.91,41.584,18.2
0.20555,0.47285,1.2467,4.5266,0.73657,0.015396,5.7814,11.019,23.702,11.8
0.40989,0.47024,1.2057,4.8723,0.71252,0.015177,4.4148,11.762,36.587,16
0.099126,0.44439,1.2753,4.3233,0.61668,0.015273,7.1229,8.9303,32.428,13
0.32792,0.70062,1.6096,3.8975,0.62521,0.012195,6.559,13.874,38.001,17.1
0.057445,0.60487,1.4385,3.4868,0.58341,0.014703,4.6143,7.4923,28.548,0
0.20028,0.52793,1.5619,3.3608,0.63963,0.012608,6.2777,14.539,38.039,13.7
0.21003,0.69912,1.1343,2.3547,0.57685,0.010147,4.6111,8.0473,20.272,10.9
0.26596,0.25722,1.1465,4.0667,0.73186,0.01582,5.8442,14.999,33.819,12.4
0.25618,0.39841,1.43,3.6487,0.57421,0.015214,3.3132,9.3918,40.646,15.1
0.20781,0.56808,1.8186,4.832,0.74622,0.010335,4.2829,14.009,34.814,13.3
0.25154,0.56769,1.8194,3.769,0.60042,0.012177,5.1296,14.691,35.481,13.9
0.32816,0.6321,1.3469,3.7243,0.67134,0.010095,5.8003,11.978,30.641,14.5
0.38451,0.63883,1.36,3.5359,0.63728,0.014429,6.6614,9.3328,37.324,19.3
0.42809,0.67054,1.7056,2.5013,0.63799,0.013136,5.2869,5.5334,25.697,0
0.38368,0.20939,1.8637,2.4075,0.69381,0.012501,4.08,10.746,23.035,0
0.31847,0.55975,1.056,2.3423,0.5905,0.0091373,5.1659,13.352,35.415,13.8
0.25805,0.71832,1.0977,4.8975,0.5816,0.012619,3.7058,10.624,20.094,10
0.35667,0.70923,1.9168,5.1342,0.66103,0.0109,3.4938,10.108,34.62,16.9
0.35515,0.24978,1.6616,3.7242,0.59421,0.01557,5.9424,9.4363,43.528,0
0.31237,0.47117,1.8397,3.7712,0.67078,0.01376,4.8259,7.4229,34.453,17.5
0.39675,0.44407,1.1126,3.5048,0.62004,0.01181,7.1568,9.0663,29.734,16.9
0.19418,0.28415,1.2601,2.4337,0.64588,0.010801,4.4778,9.2786,22.96,11.3
0.24803,0.62384,1.2436,4.5285,0.57482,0.011757,3.007,7.2368,20.013,11.1
0.12567,0.28549,1.2681,2.698,0.58773,0.013192,7.4953,14.424,25.51,10.7
0.24307,0.42561,1.5238,2.9679,0.57367,0.012054,3.8593,5.2911,43.847,17.2
0.22224,0.77694,1.7624,2.1953,0.69601,0.013942,6.2156,10.553,25.433,14.1
0.35895,0.33682,1.3709,4.8461,0.73128,0.011817,4.5801,11.116,42.735,17.4
0.41364,0.55496,1.3326,4.7325,0.64848,0.01533,3.1559,10.354,37.892,17
0.12172,0.40192,1.1877,3.1391,0.64077,0.01284,3.2337,10.557,26.85,10.1
0.1466,0.34589,1.1542,5.0425,0.74713,0.014731,6.6313,6.7881,28.989,12.3
0.12552,0.20072,1.3164,4.2722,0.68505,0.012801,5.1852,7.9043,32.521,12.2
0.35462,0.65744,1.5761,4.4163,0.68911,0.0098625,5.512,8.5026,22.284,14.8
0.10914,0.3189,1.6723,3.4678,0.69888,0.010797,3.0388,10.353,26.965,11.3
0.42849,0.74387,1.3927,2.2479,0.69429,0.01486,7.8475,5.5993,31.238,0
0.28299,0.61198,1.7194,4.1234,0.70538,0.011617,5.8979,6.1912,21.421,14.8
0.44191,0.37089,1.595,5.0598,0.59716,0.010351,4.6982,14.359,29.747,14.1
0.15929,0.29117,1.3971,3.2975,0.58622,0.012045,3.4476,11.176,20.254,9.9
0.2793,0.67384,1.2354,3.5174,0.67387,0.0094298,5.4714,11.453,25.512,12.4
0.38482,0.78265,1.8464,3.6913,0.61578,0.014226,4.1747,14.603,35.487,15.4
0.2901,0.30356,1.0903,2.9391,0.73171,0.015377,6.4882,12.282,25.727,12.4
0.28042,0.68638,1.4038,5.1386,0.578,0.011247,5.547,5.6361,38.122,17.8
0.27262,0.51762,1.83,4.7496,0.71781,0.011225,5.251,12.552,22.727,13.4
0.093897,0.36193,1.5246,5.0913,0.70208,0.011183,4.4473,13.534,42.771,11.9
0.30571,0.35322,1.0887,4.6881,0.67694,0.015637,3.2951,10.876,27.108,11.6
0.38109,0.31459,1.4425,3.3535,0.72531,0.013738,4.028,8.211,23.325,14.5
0.31859,0.54259,1.1698,2.6163,0.65522,0.015357,5.7509,5.3594,21.327,13.7
0.37203,0.47082,1.3826,4.5422,0.63286,0.012726,6.5483,13.745,28.197,14.2
0.31005,0.7849,1.076,3.9344,0.64278,0.011164,4.3092,12.618,44.86,15.6
0.12463,0.66869,1.1958,5.1504,0.72045,0.01197,6.6343,10.014,40.205,12.7
0.1926,0.24395,1.591,4.9039,0.59875,0.012027,6.7358,5.4218,43.638,17.6
0.35547,0.53529,1.1838,3.6671,0.66357,0.01596,7.2643,14.654,36.954,15.8
0.2114,0.76099,1.4795,2.8687,0.63926,0.013936,5.7828,12.596,44.867,15.2
0.43497,0.52104,1.9639,2.5202,0.57029,0.01113,5.891,10.34,42.51,0
0.26622,0.45919,1.5427,4.3105,0.56333,0.014606,3.7025,9.8147,26.401,12.8
0.19764,0.59706,1.1696,3.0097,0.59964,0.010366,4.6242,13.833,31.758,10.6
0.21159,0.30754,1.9689,3.3957,0.7289,0.013307,4.8731,13.802,39.601,14.8
0.23598,0.68839,1.8984,3.461,0.62687,0.013177,7.5,12.051,29.416,15.3
0.34398,0.77246,1.5428,3.7936,0.62222,0.0094986,3.8999,5.9599,31.567,16.7
0.053733,0.74902,1.6427,2.1776,0.56608,0.010459,5.2648,6.3027,20.196,0
0.34083,0.41247,1.7804,3.4833,0.64731,0.0093445,3.2382,5.941,34.831,0
0.14643,0.70482,1.8572,5.0641,0.65778,0.010542,4.121,10.398,39.033,13.6
0.18903,0.47674,1.6393,4.9253,0.59231,0.014009,5.8787,9.363,42.086,16
0.20722,0.30739,1.6333,4.0453,0.62559,0.014621,7.9874,14.84,23.156,12.1
0.1429,0.21418,1.6074,2.5057,0.64149,0.015189,5.7307,8.72,25.189,12.7
0.22638,0.77372,1.124,3.5856,0.73138,0.0093037,6.4481,14.82,27.062,11
0.10351,0.61117,1.9095,4.0059,0.74,0.010354,6.7621,8.4926,30.446,14.1
0.11229,0.6914,1.6249,4.389,0.72102,0.0094706,7.744,10.006,38.859,14.2
0.34696,0.69868,1.1565,3.5452,0.68362,0.015525,7.1654,13.984,34.543,15
0.2831,0.71296,1.0349,4.8296,0.64155,0.0092547,6.7207,6.5783,23.578,13.1
0.29238,0.35269,1.3242,3.3787,0.64127,0.011703,6.039,6.6989,24.682,14.3
0.087852,0.39391,1.7696,2.8757,0.70807,0.01385,7.1104,13.31,27.314,12.7
0.17375,0.51382,1.3253,4.6688,0.72206,0.012899,4.3048,11.836,25.821,11.1
0.23257,0.43074,1.5386,5.1484,0.71104,0.015863,4.1639,10.316,21.266,12.2
0.35275,0.56119,1.8572,5.1381,0.7459,0.011867,2.9917,10.439,25.173,14.5
0.13771,0.39548,1.0959,4.4159,0.7097,0.012803,4.6807,13.353,33.794,10.6
0.43302,0.7357,1.3565,3.8125,0.62934,0.01336,6.9731,12.489,23.118,14.2
0.37896,0.21509,1.4144,4.3675,0.71627,0.011571,6.7143,13.953,26.045,13.9
0.10184,0.33504,1.35,3.0346,0.7455,0.0093592,5.9533,6.659,40.94,13.1
0.11702,0.50132,1.9993,3.2395,0.56942,0.010496,4.9792,8.3667,25.72,12.9
0.42445,0.60991,1.9621,3.4872,0.74807,0.0090408,6.0415,13.041,25.805,0
0.42299,0.65796,1.8264,3.8937,0.71852,0.011303,4.1073,8.1539,34.593,0
0.38197,0.37428,1.4026,4.7595,0.68295,0.015938,4.0085,13.302,36.877,15.2
0.14958,0.48547,1.3991,3.9716,0.7201,0.0097355,7.0972,13.441,28.843,11.9
0.22203,0.54334,1.7008,4.4007,0.71158,0.011724,5.1365,14.593,34.304,13.2
0.38989,0.36581,1.6223,3.9384,0.75269,0.0096013,5.4925,10.246,22.234,0
0.41187,0.73063,1.439,4.5185,0.58969,0.013339,4.2931,9.4866,41.08,0
0.12848,0.38231,1.4833,3.1867,0.7197,0.015912,3.7852,7.3988,37.536,12.8
0.20019,0.78422,1.9723,4.1044,0.73202,0.011813,6.1497,14.882,33.967,14.2
0.42344,0.63221,1.484,4.0904,0.73753,0.010391,4.9668,14.952,30.039,0
0.31354,0.74081,1.9954,4.1328,0.58169,0.0092528,6.0805,10.701,44.029,0
0.34844,0.59751,1.5233,2.953,0.7524,0.012781,3.1414,11.993,32.973,0
0.073612,0.73402,1.3302,2.8624,0.58279,0.011176,4.1322,11.55,21.634,10.4
0.16017,0.36909,1.8801,3.5063,0.71118,0.013223,6.9063,6.1693,44.444,17.1
0.38944,0.23039,1.4662,3.1503,0.68604,0.010612,5.8894,11.062,34.977,0
0.22937,0.22125,1.5138,3.3965,0.58161,0.012219,5.2444,10.541,40.115,15.5
0.33034,0.72334,1.0522,2.8323,0.65193,0.01571,6.9402,9.5487,28.316,14.4
0.073638,0.64454,1.5068,2.7731,0.64544,0.010181,6.7485,8.7135,43.525,14
0.056869,0.69743,1.6266,3.7895,0.6901,0.014086,3.4624,13.806,20.339,0
0.16772,0.30795,1.9263,2.3778,0.67622,0.01346,6.2463,13.676,21.379,12.5
0.37674,0.51735,1.6944,2.8105,0.66866,0.013918,7.7722,9.4754,22.115,0
0.072936,0.57767,1.7962,4.2469,0.62906,0.015628,5.591,14.568,21.82,11.9
0.13281,0.66502,1.9142,4.521,0.61911,0.010063,7.2296,12.879,26.751,12.8
0.14112,0.39261,1.8296,4.6398,0.67414,0.013003,4.4201,12.021,39.886,13.4
0.22664,0.46773,1.4657,3.0104,0.69508,0.015326,7.5326,12.502,26.493,13.3
0.32586,0.2791,1.1235,2.746,0.58915,0.013095,3.3568,13.253,38.053,13.4
0.42034,0.49558,1.6549,4.8437,0.66771,0.010975,7.8698,5.3943,28.136,0
0.43921,0.41902,1.3091,2.536,0.74315,0.0099483,4.6506,14.005,32.471,0
0.29612,0.54988,1.6983,2.2613,0.66558,0.0092245,7.1257,8.4299,41.148,0
0.14843,0.54889,1.9377,2.3167,0.5708,0.0091443,6.3974,11.016,22.831,12.7
0.3685,0.57071,1.0702,2.3811,0.5872,0.014522,3.452,7.4087,26.071,13.7
0.091929,0.71501,1.6982,4.3745,0.69011,0.012614,4.6219,11.648,22.919,11.7
0.10913,0.21186,1.9643,5.0844,0.58477,0.012272,6.2735,7.9319,38.843,15.2
0.27325,0.45668,1.2672,4.4345,0.73968,0.014099,5.0242,14.413,26.366,11.5
0.26327,0.77285,1.2677,2.9236,0.74553,0.0094801,4.487,10.946,25.062,12.2
0.30435,0.67902,1.5017,4.1257,0.71919,0.010634,5.9942,6.1546,32.874,16.6
0.38514,0.75247,1.4982,3.0061,0.6905,0.015421,5.5392,14.772,24.912,13
0.094474,0.37841,1.3964,3.4356,0.6223,0.013857,3.4494,9.0509,27.36,11.2
0.1726,0.26334,1.5938,3.0215,0.59104,0.0090046,4.408,10.538,41.753,14
0.066901,0.74283,1.131,4.6745,0.72009,0.015425,3.6765,10.077,30.104,12.3
0.11943,0.54511,1.6062,2.8166,0.66399,0.015924,5.4396,11.979,30.266,12.3
0.063911,0.3757,1.8014,3.2128,0.57666,0.012578,4.8242,12.425,33.099,12.6
0.37181,0.69015,1.1895,2.5444,0.7242,0.013465,3.0706,13.99,32.864,12.5
0.26781,0.56387,1.7604,4.7393,0.63657,0.0095925,6.6594,8.3499,40.974,18.9
0.19869,0.69693,1.1765,2.5619,0.73598,0.0093086,6.4236,12.368,30.909,12.1
0.20194,0.78779,1.399,3.4939,0.59136,0.011282,4.5603,13.975,26.156,10.3
0.17427,0.44532,1.708,2.6042,0.73426,0.0095821,5.2987,5.3339,38.81,15.2
0.33002,0.32871,1.6799,3.8452,0.73014,0.01291,7.4989,9.2252,28.933,16.8
0.2456,0.35358,1.9292,3.5736,0.6108,0.012019,6.5027,9.0533,24.526,15
0.3925,0.55052,1.3736,2.8384,0.6038,0.012656,5.1571,12.443,21.741,12.4
0.38893,0.60793,1.1367,4.7485,0.59997,0.013251,5.7052,6.6532,20.121,14
0.35859,0.65887,1.4211,2.3437,0.67715,0.010219,6.6331,10.373,26.307,0
0.41682,0.65492,1.887,2.3797,0.59671,0.01416,6.4736,12.8,32.528,0
0.2202,0.56674,1.8558,4.1857,0.66472,0.011092,6.5098,8.8461,34.172,16.2
0.40514,0.70577,1.8988,4.9903,0.72309,0.0090095,3.0055,5.9047,26.498,0
0.059119,0.45445,1.3411,3.7974,0.74523,0.011089,4.6804,13.625,28.492,13.6
0.10525,0.50468,1.8567,3.3262,0.69914,0.013395,5.2419,9.7662,43.723,14.3
0.083399,0.3679,1.447,3.936,0.73553,0.012284,5.1771,12.492,31.678,11.9
0.39433,0.47991,1.4981,3.6356,0.60589,0.0095989,3.3269,13.914,25.809,10.9
0.39464,0.62704,1.8728,4.9873,0.58794,0.011757,7.8928,11.478,42.39,0
0.24289,0.20846,1.6229,2.8666,0.66549,0.014075,6.0271,10.914,30.816,14.5
0.14767,0.45738,1.0102,3.9998,0.7516,0.0096681,3.168,13.892,26.154,9.9
0.053566,0.68895,1.1405,4.8129,0.57908,0.011468,5.9571,10.882,36.672,0
0.30921,0.46002,1.1398,4.4291,0.60836,0.013553,7.2769,5.8737,44.282,19.9
0.062584,0.70124,1.8357,2.3229,0.66918,0.015602,4.5974,13.095,35.015,12.7
0.36585,0.67951,1.0496,3.0229,0.69069,0.012428,7.8543,12.515,34.176,15.8
0.16959,0.35367,1.8866,3.5137,0.7232,0.0096884,7.288,5.3063,42.459,17.3
0.40997,0.51446,1.1202,2.7067,0.70122,0.01482,3.1642,12.608,43.908,16.5
0.18715,0.58295,1.343,2.8227,0.71724,0.014062,4.3842,10.854,30.505,12.1
0.086827,0.21442,1.4911,3.0081,0.62795,0.011011,3.8445,9.0226,37.421,11.9
0.13147,0.5998,1.4431,3.4732,0.59505,0.010352,6.0721,7.7201,33.972,13.2
0.42791,0.62868,1.6792,5.0514,0.71507,0.013254,7.73,5.6264,26.698,19
0.44467,0.66332,1.4754,4.216,0.64339,0.011661,4.0564,8.8594,20.722,14.3
0.23893,0.40002,1.9758,3.8396,0.72926,0.011856,5.3001,13.293,44.76,16.6
0.25958,0.75526,1.739,3.8756,0.75376,0.014771,7.788,11.493,29.469,15.5
0.24063,0.74713,1.0149,2.6434,0.65431,0.012801,3.2885,11.61,42.221,12.6
0.093853,0.46266,1.2802,5.129,0.68175,0.010776,3.6531,10.48,40.675,11.3
0.3848,0.70001,1.2037,3.8066,0.73499,0.009847,7.2718,14.028,25.427,13.3
0.080792,0.48453,1.835,3.5815,0.64275,0.012519,3.6172,6.3529,41.742,13.5
0.29118,0.35918,1.8648,2.3476,0.65155,0.014055,4.685,9.0422,33.154,16.3
0.40769,0.66702,1.0694,3.0097,0.63587,0.015053,5.0898,7.4288,34.921,17.7
0.24176,0.73913,1.9347,4.627,0.70178,0.014203,7.4885,5.6824,28.378,16.8
0.051734,0.69686,1.5074,3.2718,0.60533,0.012744,4.4374,5.7137,22.104,0
0.077336,0.44589,1.1234,3.5023,0.73979,0.011475,3.5909,10.721,41.856,11.2
0.18943,0.22515,1.1423,2.4031,0.70811,0.012196,6.3312,12.022,34.264,12.4
0.30148,0.72666,1.6624,4.7995,0.6535,0.0099894,3.3307,12.172,27.68,12.7
0.31847,0.59145,1.531,4.3186,0.66096,0.012416,5.4792,14.39,29.712,13.3
0.096858,0.34425,1.6849,4.6911,0.75403,0.010506,6.7917,10.871,30.054,13.1
0.25402,0.49739,1.6514,4.4044,0.62039,0.0096273,7.1198,8.9259,39.363,18
0.12175,0.26562,1.9052,4.8024,0.75996,0.01505,3.1744,10.477,44.92,13.6
0.2544,0.72411,1.0702,5.1359,0.74454,0.01295,5.1473,8.4084,37.998,14
0.055462,0.42444,1.9227,3.8127,0.65478,0.012476,4.5349,14.538,44.53,0
0.25543,0.79555,1.4558,3.4514,0.60264,0.010353,7.1538,12.296,33.224,14.9
0.38163,0.50712,1.552,2.8132,0.67756,0.0099993,3.2511,11.863,35.194,0
0.13786,0.44377,1.6299,3.8392,0.58552,0.010184,2.995,9.2116,32.192,11.6
0.11395,0.6001,1.0179,2.5323,0.75043,0.015831,3.1446,9.9688,41.548,10.9
0.14715,0.70056,1.8136,4.0602,0.56045,0.011658,7.512,11.834,29.451,13.6
0.30278,0.34596,1.5714,5.1185,0.72994,0.010984,6.4023,8.6112,44.653,19
0.083595,0.35018,1.8113,2.4266,0.66625,0.014604,6.6841,6.4466,30.927,14.4
0.19015,0.4871,1.5874,2.6107,0.74107,0.013481,3.8047,10.689,43.27,14.1
0.36324,0.61141,1.4662,2.9543,0.67385,0.010741,4.5865,14.138,42.111,0
0.36784,0.75549,1.1788,3.7259,0.6854,0.015392,6.3098,8.9219,38.48,17.9
0.37705,0.56021,1.085,4.9404,0.57072,0.012689,3.5843,8.8314,40.301,18.3
0.14764,0.73065,1.7126,3.3077,0.60978,0.01077,6.8262,5.5286,37.112,15.6
0.29811,0.64801,1.9773,3.325,0.61204,0.015142,7.0205,9.6412,22.254,15.5
0.27571,0.31243,1.5317,3.2384,0.62296,0.014087,5.5689,12.936,25.092,12.6
0.32124,0.23149,1.8012,4.209,0.7492,0.0096409,7.5322,10.13,35.353,0
0.17643,0.24649,1.8506,2.6069,0.6341,0.013357,7.9778,10.203,44.743,17.4
0.14061,0.4388,1.6966,2.3672,0.70953,0.011943,7.0466,8.8261,27.957,13.7
0.44442,0.63091,1.4132,2.4692,0.70691,0.013461,3.3592,6.2351,44.52,0
0.24872,0.21345,1.0538,2.5959,0.73869,0.012261,5.7943,9.9746,21.675,11.5
0.40906,0.37314,1.269,3.9559,0.65518,0.011578,6.2681,14.412,35.491,16.3
0.16314,0.32311,1.4391,2.2551,0.73524,0.013271,4.008,10.229,21.326,11.5
0.39487,0.46576,1.548,3.8739,0.69608,0.0116,3.3811,9.5935,21.176,0
0.3453,0.2228,1.9542,4.4004,0.74749,0.012594,4.1945,7.6297,38.954,0
0.44734,0.41402,1.7529,2.5034,0.67941,0.012014,6.6436,7.6418,22.35,0
0.23039,0.58404,1.132,3.5318,0.69044,0.014789,4.5304,9.0536,42.086,14.1
0.33023,0.34512,1.7598,3.0461,0.61549,0.0090428,4.8636,9.3993,27.587,0
0.16634,0.34551,1.9367,4.7539,0.63945,0.012356,5.815,9.9262,26.725,13.7
0.4459,0.31021,1.8617,2.2712,0.62639,0.014241,6.2118,6.7224,43.785,0
0.26731,0.35085,1.5786,4.9197,0.73912,0.012378,5.2037,8.1475,21.363,13.6
0.35152,0.27917,1.3559,3.3609,0.7371,0.0091487,7.2104,7.9107,26.239,0
0.24535,0.63742,1.2026,2.8221,0.75527,0.013153,4.512,14.707,42.379,13
0.12601,0.20108,1.7118,4.7765,0.58366,0.0092732,5.981,11.073,32.891,12.9
0.053003,0.61336,1.946,4.7939,0.58266,0.011482,4.1997,10.633,35.298,0
0.17032,0.67889,1.7956,4.5166,0.63022,0.0093801,6.5335,14.959,24.042,11.4
0.095427,0.74773,1.4817,4.7287,0.72198,0.010307,4.226,5.5719,35.204,12.4
0.36089,0.50664,1.0278,5.1445,0.66019,0.011324,3.8594,11.286,34.358,13.9
0.35039,0.29211,1.3568,2.6052,0.73012,0.011365,4.366,5.0901,40.028,0
0.24896,0.52271,1.8709,4.3418,0.69362,0.010252,5.7425,14.629,34.881,14.5
0.37343,0.79072,1.8859,2.8148,0.56693,0.012158,3.059,9.7671,43.76,0
0.14958,0.43185,1.4314,4.666,0.72493,0.012171,4.8928,14.289,38.501,12
0.34505,0.76815,1.5101,4.5489,0.65043,0.014944,4.9422,12.414,44.391,18.3
0.25932,0.45795,1.2072,3.1435,0.58217,0.011626,4.6395,8.4511,40.408,15.7
0.26267,0.51267,1.7743,2.5341,0.68509,0.011427,4.6631,10.776,41.578,16.4
0.12943,0.60347,1.9018,2.7708,0.61966,0.012476,7.4395,10.044,26.905,13.8
0.26358,0.54455,1.4128,2.2176,0.70055,0.012547,4.8963,5.6793,28.944,14.5
0.1437,0.3221,1.8138,3.3536,0.57072,0.011625,6.865,6.683,42.785,16.8
0.17768,0.39787,1.2042,4.4749,0.57399,0.01565,3.781,7.8945,37.158,12.7
0.10646,0.50725,1.7213,4.9598,0.70642,0.014249,5.0266,7.4249,33.001,13.4
0.13763,0.70543,1.6629,4.622,0.71878,0.012284,4.5376,11.906,44.651,13.5
0.35797,0.69775,1.7061,3.9593,0.71057,0.012477,7.3157,5.7103,44.194,0
0.089503,0.52819,1.403,2.4944,0.70483,0.013296,6.9048,10.696,40.263,13.3
0.28071,0.76642,1.8715,3.6961,0.71776,0.012311,7.134,8.2548,44.384,19.8
0.16128,0.2437,1.7512,4.6669,0.74447,0.011289,7.0103,10.413,31.562,14.2
0.3783,0.77114,1.0763,4.2993,0.60699,0.011792,4.3306,13.355,44.864,18.1
0.3099,0.62237,1.9323,4.2363,0.67367,0.011666,6.1629,8.6623,30.17,17.2
0.19748,0.48104,1.5034,4.9049,0.60129,0.01137,5.8606,9.8993,26.535,12.9
0.28184,0.727,1.061,3.4959,0.57685,0.012943,5.6866,12.711,25.807,11.4
0.28494,0.47538,1.861,4.1558,0.63078,0.01143,4.2586,14.555,27.435,12.2
0.11336,0.41678,1.7416,4.291,0.70018,0.0090436,4.8617,14.045,27.939,11.3
0.28883,0.37868,1.125,3.3384,0.72354,0.015868,7.2999,5.8682,28.423,14.6
0.14445,0.39068,1.9844,3.8181,0.70985,0.014893,3.8244,14.061,22.608,11.3
0.34804,0.63762,1.7175,2.5736,0.64916,0.012562,5.6425,13.627,36.923,0
0.37234,0.51875,1.9559,2.3733,0.6683,0.010972,5.3945,11.879,25.186,0
0.29326,0.39571,1.8808,2.5735,0.58048,0.015714,3.7545,6.5554,23.869,14.9
0.085828,0.47265,1.6689,4.6672,0.71805,0.013989,5.353,12.116,43.931,13.4
0.25231,0.38303,1.7898,2.8825,0.60686,0.012253,6.0869,11.183,23.046,13.6
0.099517,0.37068,1.7357,3.4072,0.7258,0.015546,4.9853,5.5521,34.26,13.8
0.34907,0.39215,1.4929,2.8383,0.74785,0.012376,5.69,7.2406,22.379,0
0.074066,0.69171,1.7715,2.7604,0.73902,0.01379,6.2742,14.934,20.822,9.9
0.2197,0.49399,1.5835,2.4231,0.69203,0.0093661,5.7742,12.15,32.178,13.7
0.29704,0.32827,1.6457,3.3152,0.58074,0.011643,4.3043,7.4429,35.553,17
0.25917,0.44794,1.2178,4.749,0.7322,0.010988,6.067,12.825,43.851,15.1
0.41784,0.43089,1.1626,4.5636,0.58276,0.010112,4.7691,13.508,34.55,15.8
0.28447,0.7555,1.5751,2.2032,0.72188,0.013262,5.3896,7.7144,26.432,14.8
0.2424,0.3364,1.0486,2.681,0.61169,0.010385,6.0185,13.267,40.245,13.7
0.37089,0.62487,1.8594,4.5166,0.60076,0.015953,3.4581,11.536,25.359,13.8
0.14755,0.40381,1.1979,3.6938,0.75015,0.011762,5.9123,11.095,37.846,12.3
0.21061,0.71521,1.9205,4.4258,0.61712,0.014578,3.7038,10.076,35.247,14.4
0.33152,0.43,1.7287,4.8352,0.57117,0.0099675,7.3053,9.2475,30.263,18.3
0.43366,0.65015,1.981,2.8738,0.57925,0.011692,5.4914,10.733,44.396,0
0.24714,0.44053,1.995,2.9563,0.69306,0.01575,6.3458,8.0217,33.258,17
0.050585,0.73027,1.4044,3.0769,0.75012,0.012225,4.4282,5.8763,34.535,0
0.11123,0.24386,1.5806,3.0343,0.63238,0.014074,7.2816,8.5092,44.024,15.1
0.43143,0.32362,1.7682,4.0199,0.74378,0.013218,6.5007,12.467,29.608,0
0.1506,0.22206,1.4721,4.1085,0.61579,0.012625,4.2183,8.0051,36.242,12.9
0.40656,0.71666,1.2099,3.3706,0.73758,0.010796,7.824,11.222,24.114,14.7
0.38048,0.59342,1.5465,2.9273,0.56803,0.010634,4.7956,11.365,44.632,0
0.13286,0.65425,1.8863,3.59,0.59178,0.014676,5.3725,6.1929,41.873,15.7
0.30407,0.25837,1.9084,2.2783,0.56795,0.01592,6.4209,8.7969,32.588,18
0.3554,0.22932,1.7259,4.2773,0.65178,0.013076,4.6854,6.7363,29.96,17.2
0.41791,0.33563,1.361,3.147,0.57672,0.012589,7.1543,14.076,38.07,19.9
0.2032,0.37881,1.6917,4.8147,0.74491,0.0095688,5.4034,6.3127,26.303,14
0.40358,0.31777,1.1214,3.8044,0.62292,0.011674,6.9477,13.422,36.986,17.7
0.21677,0.58573,1.2141,4.0251,0.69504,0.013207,4.7215,8.674,24.267,11.8
0.36814,0.4956,1.3546,4.4985,0.60736,0.014914,7.0726,13.492,29.235,15
0.20329,0.7168,1.4639,3.8849,0.69906,0.015726,5.7216,11.396,34.252,13.6
0.42084,0.71826,1.1698,2.7094,0.6087,0.014262,3.9857,14.859,37.721,14.6
0.12017,0.71498,1.9094,5.0583,0.67412,0.01294,3.8733,10.167,33.692,12.9
0.11611,0.49634,1.5351,2.7697,0.68463,0.0091842,4.584,10.36,28.149,11.6
0.29088,0.41716,1.1349,4.9147,0.68811,0.013611,6.3667,12.476,41.034,15.5
0.25666,0.29112,1.3807,4.6364,0.59427,0.01131,7.8224,13.093,25.535,13
0.44991,0.23824,1.4255,3.3863,0.64006,0.0097835,5.1116,11.165,44.682,0
0.13796,0.41245,1.2662,3.0478,0.59768,0.00916,5.237,7.4664,41.698,13.3
0.26144,0.74848,1.9739,3.9296,0.5838,0.015486,5.9578,13.866,30.592,14.4
0.2929,0.24246,1.9248,4.0995,0.5809,0.013902,4.969,5.879,25.342,16.1
0.14952,0.33599,1.703,4.4358,0.66946,0.012874,6.1429,14.885,35.837,12.7
0.29018,0.74551,1.5708,3.1796,0.75143,0.012079,5.9977,12.233,36.949,15.8
0.1351,0.24897,1.2745,4.7759,0.67187,0.012252,5.1415,12.77,36.328,11.5
0.31309,0.29661,1.4324,3.6886,0.63507,0.012363,4.7021,12.801,29.579,13.2
0.33462,0.48856,1.7292,4.986,0.66345,0.015321,4.081,13.762,22.047,11.8
0.23616,0.21316,1.8083,2.7109,0.59308,0.010271,6.4472,7.1676,27.433,15.6
0.35733,0.50069,1.9095,2.3469,0.64735,0.013006,5.8153,13.268,23.132,0
0.17005,0.20127,1.9511,4.4722,0.71026,0.0099721,4.7366,6.5434,32.398,14.7
0.37346,0.57972,1.6884,4.092,0.70586,0.015019,6.1248,6.8359,34.313,19
0.11543,0.74363,1.0773,3.1889,0.67612,0.012327,7.0166,10.338,25.663,11.1
0.33379,0.28918,1.6581,4.0752,0.60586,0.010276,3.8218,6.5261,25.049,15.1
0.43198,0.20955,1.9575,2.2504,0.75422,0.011083,5.6154,13.653,42.39,0
0.1256,0.59643,1.9412,5.1004,0.58159,0.010252,6.7228,5.5247,21.762,13.6
0.24565,0.70994,1.997,2.1865,0.66852,0.015029,7.5357,13.484,41.952,17.4
0.34847,0.27049,1.509,2.6798,0.72622,0.015496,3.8374,13.867,29.677,13.5
0.20303,0.36287,1.8679,4.3978,0.64957,0.013967,7.7117,6.7712,26.095,15.5
0.30637,0.68517,1.8534,3.3677,0.5831,0.009562,4.7923,13.319,25.345,12.9
0.36642,0.59281,1.0261,4.5306,0.74451,0.012446,7.1601,6.3435,38.975,17.8
0.42029,0.69962,1.2594,2.8124,0.66446,0.011781,5.3855,14.969,35.092,15
0.42796,0.49427,1.4379,4.4913,0.70881,0.0121,3.255,5.9082,39.93,19.3
0.31223,0.2194,1.5571,4.3327,0.58208,0.010517,7.0451,6.4166,42.027,0
0.41942,0.20765,1.3772,2.6767,0.66804,0.0097116,3.1863,14.362,44.27,0
0.19437,0.58652,1.0679,2.797,0.56792,0.012286,3.7405,14.943,30.657,9.9
0.43215,0.63455,1.5809,3.7941,0.70109,0.0090352,6.9026,14.299,20.187,0
0.37985,0.6604,1.9971,2.8563,0.74391,0.013494,3.5166,7.7116,39.076,0
0.3722,0.26255,1.4698,2.8305,0.74454,0.011242,7.2777,7.6285,41.932,0
0.12531,0.65552,1.0317,4.1003,0.67337,0.011635,4.0527,12.952,23.616,9.9
0.24566,0.20771,1.1866,3.629,0.72765,0.0099874,6.6511,11.941,20.842,11.5
0.24554,0.78283,1.1125,4.4029,0.68771,0.013159,5.4831,10.709,30.643,12.6
0.080496,0.37435,1.5613,4.0733,0.74616,0.015844,3.458,11.647,35.049,12.2
0.23953,0.41375,1.4756,4.1864,0.75193,0.0096236,6.9787,10.938,42.785,16.3
0.090452,0.37598,1.0516,3.6857,0.71368,0.010981,4.1168,8.3429,31.311,10.8
0.34495,0.50593,1.3825,4.8897,0.75305,0.013398,3.6502,11.213,29.556,13.7
0.44648,0.3721,1.7062,3.7789,0.59864,0.013826,3.2423,6.8743,21.121,0
0.40402,0.70388,1.1182,3.4045,0.58405,0.013005,7.737,7.5939,44.727,0
0.18992,0.32511,1.6658,5.0933,0.68454,0.0094448,4.8575,6.6925,25.762,13.4
0.070883,0.74105,1.7933,3.2923,0.72641,0.014277,6.0993,8.9709,28.962,13.9
0.085541,0.40501,1.5487,3.5549,0.68909,0.012595,7.0621,6.0018,31.573,13.9
0.28593,0.3123,1.6113,2.3291,0.67515,0.014896,5.4886,9.4202,23.706,14.2
0.061312,0.654,1.7961,3.054,0.58304,0.011626,7.1345,13.448,36.611,13.8
0.43406,0.76587,1.1127,4.1182,0.65616,0.0094656,7.4789,10.002,39.263,0
0.074145,0.35747,1.6511,2.5741,0.68771,0.011695,6.8185,11.559,29.517,12.9
0.17001,0.40408,1.9189,3.5421,0.6485,0.012179,7.7164,7.2212,42.04,17.6
0.05795,0.40506,1.766,3.2017,0.68376,0.012171,3.0408,11.021,35.019,0
0.30977,0.40563,1.4933,4.2786,0.73756,0.0093854,3.4818,11.528,39.082,15
0.44518,0.27519,1.3645,4.202,0.63515,0.015044,4.4499,6.3647,36.796,0
0.13103,0.72111,1.7512,3.4314,0.56005,0.010046,4.3592,13.754,35.011,11.3
0.17848,0.37058,1.4353,4.8846,0.74502,0.012537,6.1279,12.223,20.578,11.6
0.27997,0.22792,1.4225,3.5765,0.56453,0.0094555,7.6098,10.371,29.15,15.5
0.19558,0.29082,1.1496,3.2257,0.62719,0.014488,5.4237,9.678,23.261,11.3
0.40456,0.60473,1.8352,4.1428,0.75678,0.015859,4.2408,11.276,38.186,0
0.24927,0.7099,1.1909,2.5457,0.56056,0.010071,5.6608,10.136,29.61,13.2
0.17424,0.20213,1.8152,4.0886,0.64967,0.010709,7.0069,13.27,41.285,15.3
0.2369,0.78242,1.8412,2.4089,0.60752,0.014723,5.0191,9.6931,43.768,17.2
0.436,0.65917,1.5745,4.9211,0.65909,0.010162,4.62,7.9944,33.937,0
0.076991,0.24139,1.1668,5.0156,0.72222,0.013973,7.8412,15.014,44.666,13.1
0.11003,0.77509,1.5305,2.3956,0.62236,0.015266,7.1638,5.0535,35.985,14.7
0.37127,0.34708,1.0641,2.9627,0.58054,0.012386,5.0844,8.8429,42.149,19.6
0.21822,0.37031,1.0482,2.8308,0.60784,0.0092048,6.5016,5.1064,35.253,14.4
0.21324,0.34937,1.6525,3.1341,0.58073,0.012749,3.8144,13.864,36.641,12.4
0.3891,0.6576,1.807,4.0722,0.70209,0.013821,4.5947,10.346,41.81,0
0.071816,0.50024,1.4328,4.8861,0.68604,0.015881,5.916,13.436,31.7,12.9
0.26809,0.30746,1.6345,5.0622,0.6668,0.012357,6.9583,5.9571,42,19
0.051549,0.50692,1.6785,3.8705,0.65569,0.011244,5.9979,14.162,37.043,0
0.42869,0.25945,1.511,2.5037,0.66905,0.013822,3.7271,12.806,29.956,0
0.40932,0.38423,1.0611,2.8317,0.57657,0.015653,3.0719,6.1767,20.29,13
0.13649,0.20686,1.6424,3.7243,0.60911,0.010356,3.4444,8.7144,20.175,11
0.29108,0.48731,1.3081,4.4066,0.72787,0.010837,5.5612,9.4977,28.51,13.9
0.38566,0.7895,1.6265,2.7171,0.5846,0.01306,4.6327,7.7119,33.736,18.7
0.12221,0.6071,1.0557,2.2755,0.6173,0.0095417,7.4929,13.496,29.872,10.7
0.11769,0.45827,1.4162,4.3596,0.64129,0.015663,7.5499,14.544,28.63,11.9
0.1661,0.73202,1.21,2.5659,0.6641,0.015338,5.0027,7.1876,21.948,11.4
0.42322,0.56172,1.3775,4.1681,0.71844,0.011334,6.4533,7.0682,43.948,0
0.33473,0.30014,1.4428,4.0723,0.74599,0.012705,6.1224,11.838,43.06,17.7
0.11113,0.44343,1.3125,4.255,0.73814,0.012435,7.0191,8.2944,33.727,12.9
0.20551,0.7381,1.6761,4.6585,0.58202,0.010955,6.8282,7.1906,20.832,13.6
0.22462,0.76212,1.2621,3.8825,0.63191,0.0091879,5.4921,13.3,26.455,11.1
0.068354,0.34788,1.6607,3.1615,0.6919,0.009091,6.5803,8.9412,20.818,12.5
0.21241,0.62978,1.9213,5.1253,0.75668,0.015274,7.3185,13.04,33.854,15.4
