chord,span,airfoil mass,total mass,X_theta,Ia,dhh,dah,daa,Vcr
0.17283,0.40898,1.7265,2.4946,0.6105,0.012073,5.9259,8.1001,30.867,14.3
0.17413,0.74958,1.6584,2.704,0.68902,0.009247,6.903,5.048,29.593,14.7
0.31899,0.22369,1.4348,2.6964,0.67664,0.010337,4.9082,13.852,20.026,11.7
0.32208,0.36951,1.8214,3.0556,0.63802,0.015658,7.1663,13.932,43.295,19.1
0.10174,0.40897,1.7136,4.0487,0.72672,0.010544,4.5866,7.2239,20.681,12.2
0.32208,0.37169,1.0308,3.0267,0.58264,0.0095014,5.8951,5.1396,41.068,18.8
0.076425,0.49046,1.1624,3.4392,0.73261,0.013595,7.8024,8.9876,30.278,13
0.36171,0.74123,1.6693,2.6874,0.62396,0.010898,4.144,12.055,27.717,0
0.43955,0.71746,1.6198,4.8116,0.62142,0.013383,6.1599,8.042,34.554,0
0.09307,0.67905,1.8751,4.1163,0.57101,0.01557,3.2798,7.5214,29.358,12.5
0.21541,0.29911,1.942,2.5574,0.71108,0.013481,4.5231,6.1872,43.869,17.1
0.37966,0.29132,1.3929,3.5616,0.70756,0.01513,7.8592,12.269,35.553,17.7
0.38684,0.42683,1.8987,4.5396,0.74176,0.01195,3.3429,14.105,35.298,0
0.35014,0.54824,1.9945,2.6709,0.70176,0.010167,3.3867,11.371,33.767,0
0.35891,0.23293,1.0466,3.9208,0.71235,0.010297,5.6698,10.767,35.103,15.2
0.066317,0.36207,1.1789,3.7565,0.70702,0.015423,3.143,13.272,41.165,11.6
0.23785,0.42219,1.0756,2.6832,0.69439,0.013131,6.3289,9.5326,39.779,14.4
0.23232,0.73668,1.0726,4.0796,0.72172,0.011248,5.6704,13.691,33.335,11.9
0.36744,0.55174,1.8815,3.5028,0.57863,0.015506,5.0829,10.297,37.254,19.5
0.071863,0.40425,1.7928,2.1929,0.57084,0.010919,4.7774,12.841,24.701,10.5
0.21259,0.61637,1.8295,3.8118,0.74247,0.015423,6.0827,14.135,42.327,15.5
0.18812,0.79783,1.8903,3.2647,0.71658,0.011298,3.7735,12.425,35.773,13.5
0.28996,0.34434,1.2823,4.5695,0.67739,0.011112,4.4706,7.2821,32.616,14.7
0.27601,0.24134,1.1639,3.7049,0.66831,0.01257,3.5996,6.5875,30.209,13.3
0.32746,0.66846,1.6364,3.9187,0.75495,0.012707,4.4319,6.9921,25.364,15.2
0.22507,0.54017,1.9156,3.1216,0.6162,0.013332,4.0922,6.7502,20.39,13.5
0.25653,0.20145,1.556,3.8405,0.57475,0.011778,6.851,10.755,30.057,15.1
0.25933,0.43549,1.067,4.5089,0.71286,0.01298,6.0623,10.919,35.396,13.6
0.14591,0.67465,1.7056,4.3869,0.58768,0.0090384,6.6826,13.138,34.098,13.1
0.072273,0.39386,1.9336,4.7316,0.69735,0.010171,6.3883,5.8257,34.005,14.8
0.23362,0.59904,1.4341,2.2654,0.64848,0.012269,3.0419,10.966,27.521,11.8
0.38037,0.74955,1.2674,3.0614,0.57849,0.014081,6.5773,11.239,29.383,16
0.30227,0.51037,1.6502,4.7871,0.6262,0.012903,3.1331,7.2387,39.62,17
0.16636,0.23431,1.6989,4.0883,0.68954,0.015178,3.8104,11.697,29.56,12.2
0.32729,0.3825,1.6496,3.2519,0.74257,0.011721,6.3801,12.557,24.965,0
0.32133,0.6746,1.7262,2.6989,0.58064,0.014723,7.8905,12.547,42.724,0
0.29341,0.47552,1.0459,3.9723,0.71628,0.014726,4.1054,12.359,36.919,13
0.43884,0.44696,1.0512,3.1191,0.62295,0.012449,3.2682,5.9798,25.957,14.9
0.36297,0.7213,1.624,3.1709,0.61425,0.0092238,7.3367,7.5065,44.616,0
0.10103,0.51977,1.3786,4.5246,0.74282,0.011528,7.5452,6.2212,20.851,12.4
0.4118,0.75844,1.59,2.3426,0.73643,0.014947,5.8337,9.6359,21.67,0
0.20329,0.64424,1.5223,3.6636,0.72604,0.0091174,4.3103,6.449,20.804,12.5
0.16573,0.73632,1.1631,5.1402,0.58626,0.012271,4.8408,11.606,41.819,12.5
0.16795,0.3637,1.0809,2.7323,0.712,0.015367,6.2131,10.204,37.52,12.6
0.06803,0.73415,1.6726,2.6679,0.66051,0.012723,6.11,14.676,34.209,12.3
0.28107,0.76249,1.0616,4.1503,0.57988,0.013261,7.0118,5.3532,33.028,16.1
0.16906,0.59639,1.5977,2.3579,0.73823,0.015673,3.8944,5.7655,44.681,14.7
0.22116,0.65539,1.9232,4.7896,0.75267,0.011077,6.5402,14.041,41.835,16.1
0.38144,0.22113,1.9061,4.0571,0.67452,0.014167,5.5311,13.678,23.486,0
0.31285,0.5558,1.5134,2.9072,0.7547,0.015414,6.25,6.135,32.846,16.8
0.24242,0.2409,1.3888,4.5889,0.71733,0.0098398,5.0499,13.011,26.298,11.9
0.28499,0.22204,1.6816,4.6538,0.69998,0.011462,5.4357,7.8713,26.629,15.1
0.35597,0.55063,1.5386,5.1453,0.71383,0.013103,6.9443,10.519,21.89,14.6
0.23973,0.70984,1.4031,2.8837,0.6683,0.011582,6.7826,12.72,28.638,13.2
0.43698,0.41348,1.1932,2.4465,0.62265,0.015708,6.1823,7.1114,28.308,17.5
0.18721,0.73691,1.5042,3.86,0.71787,0.011456,4.0909,13.258,21.881,10.9
0.082874,0.38583,1.8555,3.5962,0.62485,0.01222,6.3609,10.771,41.051,14.3
0.080329,0.35591,1.6876,3.4708,0.62475,0.0093225,4.5418,9.2962,35.369,12.4
0.14721,0.70683,1.8828,4.9581,0.67253,0.011121,6.8407,10.102,35.295,14.8
0.32463,0.25034,1.7141,3.0684,0.60664,0.011222,4.4001,7.5356,23.069,14.7
0.31726,0.36703,1.2476,3.8796,0.57027,0.014762,3.1747,7.7017,27.535,13.5
0.31492,0.57545,1.7123,3.0008,0.75922,0.011103,5.4963,6.3532,42.419,0
0.14518,0.24025,1.3656,5.1403,0.6024,0.011013,5.5129,11.336,29.81,11.6
0.32198,0.27802,1.0702,2.3095,0.67079,0.015236,5.919,10.345,36.081,15.2
0.213,0.35682,1.6092,4.0717,0.71185,0.010637,4.4336,5.257,27.266,13.8
0.19163,0.58978,1.6076,4.4418,0.73687,0.015269,3.3804,10.289,21.109,11.9
0.36865,0.3889,1.2355,2.9756,0.58848,0.010357,7.1569,12.481,38.576,18.7
0.15638,0.26805,1.049,3.0017,0.69147,0.013387,5.8605,7.0336,30.214,11.8
0.16373,0.70045,1.7574,4.771,0.64339,0.014198,3.3397,14.615,37.16,11.4
0.15401,0.64138,1.4786,4.7874,0.62451,0.012927,4.2193,6.3749,25.92,12.1
0.19547,0.61285,1.039,4.2395,0.61216,0.014996,5.7206,9.635,23.797,11.1
0.15232,0.43499,1.9646,3.7316,0.58418,0.015404,5.273,14.077,27.278,11.8
0.36288,0.23354,1.213,4.5029,0.69936,0.015355,6.0344,10.476,38.808,17.2
0.4009,0.73626,1.8558,4.223,0.64152,0.009335,4.1821,5.1696,29.522,0
0.41285,0.38216,1.8673,2.6148,0.62198,0.011928,4.0409,12.705,26.044,0
0.40446,0.37853,1.1907,4.3457,0.75136,0.01531,6.4929,13.165,41.641,17.8
0.40529,0.33827,1.6265,2.9051,0.64854,0.014479,6.5691,7.4763,38.426,0
0.41312,0.70534,1.9715,2.6019,0.73138,0.014334,6.7913,9.6242,29.582,0
0.092971,0.47328,1.1472,3.0541,0.63608,0.015472,3.9573,11.581,29.836,10.8
0.12739,0.21904,1.8018,3.1133,0.70939,0.013134,4.4721,13.185,42.293,13.1
0.28583,0.68911,1.5551,4.617,0.56767,0.014939,3.5624,6.5417,38.181,16.9
0.13079,0.64281,1.8672,2.8004,0.70575,0.013293,5.5549,14.623,24.591,11.7
0.1303,0.59547,1.7391,3.2964,0.75522,0.0092465,4.6312,11.54,20.964,11.9
0.10425,0.34324,1.8594,4.9167,0.56152,0.010723,6.0386,14.875,44.463,13.1
0.29768,0.76899,1.3738,2.856,0.67364,0.012921,4.3955,13.752,41.121,14.7
0.30919,0.6342,1.2667,2.5393,0.59017,0.013675,4.6728,11.207,39.363,15.9
0.34317,0.64177,1.0599,2.8545,0.65326,0.015293,5.7112,5.6014,39.842,17.9
0.35994,0.50541,1.0258,5.0999,0.60847,0.015307,5.2319,5.6579,22.461,13.8
0.1974,0.50812,1.3801,2.1784,0.70352,0.011416,6.2719,6.7233,35.509,14.5
0.21984,0.60625,1.1788,4.8357,0.59199,0.0096849,6.7972,13.971,26.173,11
0.28889,0.24597,1.2665,4.7123,0.69681,0.012412,4.7739,7.1633,25.701,13.5
0.35591,0.43769,1.8227,3.7484,0.58055,0.0093387,7.6844,11.177,44.777,0
0.24071,0.78959,1.5721,2.8708,0.5834,0.0099126,6.6991,6.4131,24.659,14.7
0.20859,0.4016,1.4587,2.482,0.59409,0.01349,6.9284,8.7536,27.645,13.9
0.40906,0.63464,1.4067,2.7324,0.57032,0.015608,5.0931,10.991,32.819,17.3
0.40833,0.3115,1.0935,2.343,0.56953,0.013779,5.3675,14.3,30.264,13.1
0.398,0.626,1.9424,3.6138,0.64692,0.012585,5.6124,9.7205,43.944,0
0.39244,0.38332,1.7203,4.7372,0.62154,0.010098,3.3755,12.511,33.335,15.4
0.23157,0.67546,1.2188,3.0928,0.70631,0.012219,5.0152,7.5469,34.509,13.8
0.37333,0.23026,1.1487,3.6475,0.73834,0.011191,4.4041,5.6771,21.493,13.7
0.28163,0.70218,1.3474,3.2186,0.56831,0.011739,7.3215,5.2826,24.264,15.3
0.38237,0.2077,1.4667,4.6682,0.74005,0.012549,7.1836,10.707,39.329,19.1
0.17509,0.26456,1.6946,4.3986,0.63939,0.011426,3.2618,8.7787,29.151,12.5
0.16367,0.74863,1.6601,3.4499,0.68502,0.013201,7.8925,12.673,37.953,14.7
0.40226,0.20639,1.5715,5.0881,0.66673,0.009439,5.8135,7.3113,30.994,18.4
0.089562,0.27627,1.8016,2.9379,0.65999,0.012661,3.088,13.8,31.483,10.7
0.44198,0.54168,1.8743,2.8979,0.58351,0.01006,3.2875,7.0321,41.686,0
0.35835,0.75912,1.0808,2.383,0.75546,0.012652,6.9285,8.1275,22.943,13.9
0.24417,0.44917,1.9158,2.6517,0.60072,0.010051,7.7785,12.517,25.141,14.5
0.31628,0.33174,1.4493,4.9944,0.67639,0.010034,6.1377,6.873,22.052,14.4
0.13557,0.51586,1.6667,3.5503,0.60309,0.010542,7.4404,8.0455,26.232,13.5
0.40865,0.27184,1.6652,3.1557,0.62522,0.014778,5.7411,11.478,41.108,0
0.288,0.39859,1.2114,4.0504,0.61261,0.01583,3.7968,12.975,43.091,14.5
0.23652,0.56814,1.4105,5.081,0.69064,0.0144,5.0659,6.5207,32.338,14.5
0.38948,0.60667,1.4459,3.6645,0.59123,0.013885,4.0135,11.804,23.093,12.4
0.28819,0.66375,1.5796,4.2251,0.64546,0.010938,7.8802,14.679,38.181,16.6
0.33991,0.58698,1.0858,3.757,0.73031,0.01047,7.1237,7.0941,31.867,15.8
0.16997,0.40698,1.9279,2.2637,0.70401,0.011634,5.9301,8.3295,41.603,16.1
0.39198,0.52886,1.0434,3.774,0.72505,0.012964,4.0862,8.2634,21.606,12.7
0.19953,0.35512,1.2606,3.5908,0.57897,0.009442,7.0724,5.7145,27.421,13.7
0.36503,0.47382,1.9102,3.8253,0.64584,0.011793,3.3065,12.192,37.978,0
0.34647,0.61362,1.2604,2.2029,0.63002,0.015273,6.7062,7.9699,24.589,15
0.11518,0.24547,1.437,2.9882,0.60742,0.010026,5.3441,12.316,29.765,11.1
0.11241,0.28496,1.9045,3.2306,0.59189,0.015103,7.0086,12.372,32.284,13.7
0.21074,0.71756,1.1808,4.95,0.72441,0.013806,5.3358,13.909,44.539,13.3
0.062934,0.69486,1.6593,3.5181,0.67474,0.014585,6.1538,12.927,21.469,12.7
0.20576,0.45214,1.6641,4.0767,0.73706,0.013281,6.0667,13.802,39.152,14.5
0.35004,0.26937,1.2041,2.5221,0.72829,0.011671,5.2602,5.7689,20.609,13.8
0.43445,0.29504,1.9336,2.8836,0.57511,0.013708,3.4116,5.6517,37.359,0
0.050824,0.29411,1.2746,3.119,0.70281,0.013003,5.566,10.803,20.104,0
0.19089,0.52684,1.0921,2.9903,0.67815,0.0090324,3.1438,8.7971,24.118,10.4
0.17249,0.36198,1.3072,3.9254,0.6677,0.014535,4.8536,12.55,36.294,12.1
0.27078,0.71055,1.4252,3.8965,0.71365,0.012777,7.9114,6.0859,27.505,15.5
0.20194,0.48363,1.2226,3.1355,0.60537,0.0091523,3.0674,12.868,20.446,9.9
0.41109,0.31796,1.609,3.7419,0.70135,0.011472,6.7845,10.086,39.124,0
0.19501,0.75501,1.9011,3.8284,0.66421,0.010253,6.0346,12.31,41.879,15.8
0.23933,0.65133,1.181,2.2373,0.58585,0.01502,6.9735,6.9059,24.26,13.4
0.32023,0.43994,1.9355,3.602,0.64045,0.01033,4.6753,9.4398,23.43,0
0.44214,0.46379,1.8038,4.6263,0.60631,0.013489,4.279,6.2711,30.156,19.4
0.077077,0.26586,1.5296,2.8078,0.56519,0.015959,6.7132,14.852,43.765,13.3
0.23864,0.79252,1.8529,3.1005,0.75035,0.0097955,3.5764,5.037,27.559,14.7
0.19767,0.2722,1.7119,5.0458,0.62446,0.014523,6.3474,6.1261,38.079,16.6
0.40304,0.2003,1.1019,3.2845,0.74294,0.015993,3.8425,6.7562,22.557,13.7
0.29246,0.44713,1.2558,2.7784,0.59754,0.015186,6.1471,11.254,36.437,15.6
0.12083,0.57551,1.8765,2.7079,0.68911,0.015189,4.2426,10.892,32.152,12.9
0.38563,0.23101,1.7395,3.8368,0.64589,0.014458,4.9733,8.6023,36.467,19.2
0.20767,0.30709,1.0543,2.9147,0.74036,0.015877,5.4105,6.4775,32.772,12.8
0.44741,0.65754,1.966,4.9629,0.6073,0.0096827,5.0389,6.3417,38.844,0
0.18924,0.46987,1.1993,4.3829,0.60067,0.014377,4.1964,11.167,28.624,11
0.33905,0.27033,1.1808,2.7549,0.63211,0.011831,4.1189,11.721,43.91,16.7
0.22267,0.68229,1.7982,5.159,0.60236,0.011303,6.8017,12.598,44.012,17.4
0.27796,0.5651,1.3651,3.2039,0.68,0.012679,5.4148,11.587,20.936,12.1
0.12597,0.75725,1.583,2.2195,0.61874,0.0093168,6.9637,12.144,33.389,12.8
0.28472,0.32657,1.4139,3.7208,0.72767,0.013619,5.3959,13.558,32.018,13.5
0.15892,0.63872,1.9695,3.3002,0.60772,0.010699,3.0847,14.857,40.045,11.5
0.27539,0.4333,1.6525,5.1544,0.70275,0.0097166,5.2264,11.958,28.304,13.9
0.4187,0.57949,1.9322,3.4511,0.6201,0.015223,3.0769,6.5106,43.959,0
0.33579,0.38388,1.8281,4.597,0.74185,0.0135,6.1334,6.2147,42.954,0
0.29959,0.35455,1.9513,2.3119,0.56419,0.0096164,5.5792,13.817,30.034,0
0.27453,0.55889,1.0751,3.3478,0.631,0.010714,3.5301,6.1529,26.66,12.5
0.15656,0.76165,1.1862,3.6956,0.58952,0.015445,7.6373,6.3975,41.769,15.1
0.054942,0.63322,1.8786,3.3356,0.60929,0.0097821,7.2239,11.627,39.472,0
0.19343,0.31048,1.0102,2.431,0.62589,0.011106,5.5229,8.8961,43.412,13.7
0.11382,0.66783,1.1775,4.5892,0.67248,0.012291,4.7881,8.7477,29.552,11.2
0.15252,0.78322,1.6606,3.6892,0.5996,0.0097307,7.4321,8.6596,31.323,14.3
0.075917,0.71046,1.2794,4.9091,0.57195,0.013312,5.8097,11.713,28.366,12.1
0.065118,0.37147,1.9312,4.5729,0.62621,0.014162,5.8272,5.1906,30.618,15.3
0.061751,0.67051,1.9808,4.2431,0.71594,0.013186,4.413,12.493,37.327,13.6
0.22701,0.45148,1.1508,3.7942,0.59927,0.014244,6.5683,12.075,38.387,14.1
0.31267,0.73466,1.4911,3.1986,0.75254,0.0098746,4.0331,6.5797,40.17,16.8
0.076947,0.49436,1.5984,3.2684,0.69771,0.014998,7.4932,14.545,42.481,13.9
0.052615,0.22516,1.8709,3.5065,0.64851,0.011314,7.6884,12.158,43.453,0
0.26238,0.21308,1.8204,3.0358,0.73348,0.015021,5.7432,9.6024,41.231,17.3
0.18911,0.34308,1.0509,2.5782,0.67563,0.015331,6.8458,12.071,30.54,11.8
0.43314,0.65335,1.366,3.8251,0.60429,0.010792,6.6663,8.1855,30.54,19.2
0.34938,0.41185,1.4465,2.2751,0.7056,0.01335,3.619,7.1846,27.689,0
0.062381,0.32087,1.0674,2.1738,0.68729,0.014619,4.9617,7.6574,27.076,12.3
0.33546,0.31649,1.5801,2.9157,0.74718,0.012952,7.388,14.957,43.636,0
0.24135,0.275,1.0642,3.3333,0.67165,0.015457,7.6615,13.278,24.57,11.6
0.20724,0.74767,1.5342,3.5277,0.61712,0.013359,3.8989,14.301,37.829,12.1
0.38295,0.49789,1.9632,4.7032,0.58278,0.015553,6.4318,8.1011,41.496,0
0.42938,0.6091,1.5632,2.6232,0.75724,0.014705,7.5511,11.87,27.556,0
0.34272,0.36573,1.6152,3.0579,0.66366,0.014172,6.7101,9.0646,24.003,15.5
0.05896,0.26353,1.932,4.0199,0.68666,0.0090468,4.0643,5.84,24.017,14.4
0.086721,0.28048,1.0718,2.9798,0.56801,0.014209,7.7142,7.2436,34.994,13.5
0.22444,0.30414,1.1949,2.7407,0.74598,0.012434,6.9716,6.878,25.675,13.1
0.38992,0.49657,1.9857,2.69,0.75002,0.011676,5.2282,8.6289,23.592,0
0.37666,0.30903,1.833,3.3922,0.64429,0.012733,5.1416,5.0542,36.596,0
0.15272,0.55515,1.3578,3.8175,0.71614,0.012912,4.4985,9.6361,43.003,13.1
0.40447,0.72768,1.9703,4.4302,0.56311,0.015946,5.2688,10.235,22.202,15.7
0.36404,0.63062,1.5454,4.4057,0.69746,0.013279,3.4017,8.8,30.104,15.3
0.32495,0.44301,1.5545,4.0281,0.64349,0.014914,5.7475,13.161,27.865,13.9
0.39375,0.33042,1.1154,2.4309,0.59093,0.014615,7.8124,6.9979,39.431,0
0.060593,0.26833,1.1866,4.9495,0.66994,0.0092182,7.3728,14.532,32.05,12
0.22316,0.57188,1.2303,4.2749,0.7562,0.010145,6.1439,11.448,35.893,13.5
0.44489,0.43215,1.2617,3.5467,0.58287,0.011507,6.9167,8.0812,38.247,0
0.30803,0.70362,1.5206,3.3175,0.68385,0.013233,5.6678,12.331,29.388,14.3
0.098697,0.42015,1.8108,4.8664,0.62934,0.0091113,3.1339,13.526,43.469,11.3
0.35508,0.77948,1.4927,3.8381,0.69045,0.015812,7.5086,5.2804,34.338,19.1
0.34175,0.291,1.0495,3.7781,0.56797,0.0125,4.0417,9.7899,36.331,15.7
0.069589,0.71499,1.0395,4.095,0.66129,0.01304,7.3853,6.8735,25.016,13.2
0.10278,0.69332,1.7353,4.8538,0.59194,0.011956,6.1345,10.998,27.373,12.4
0.36281,0.42906,1.9848,2.7887,0.71595,0.014915,5.2964,11.821,39.909,0
0.14423,0.65134,1.9201,5.1572,0.73659,0.012524,3.0194,5.1809,22.378,12.8
0.36478,0.53216,1.7195,2.8587,0.56254,0.0098416,6.1549,5.1821,43.487,0
0.44983,0.42693,1.8952,3.9435,0.72701,0.012376,3.2872,9.6334,27.948,0
0.41406,0.73872,1.6512,2.9115,0.6068,0.012839,4.9541,12.578,29.794,0
0.15617,0.40813,1.9343,3.2949,0.65651,0.010668,5.6462,7.1312,27.36,14.1
0.26279,0.50455,1.4991,4.9078,0.70607,0.015298,7.0146,9.5093,25.855,14.3
0.076849,0.37052,1.4317,3.5387,0.75587,0.015488,5.9779,10.867,22.807,12.5
0.20968,0.76573,1.2143,2.6847,0.62938,0.013341,5.1687,9.1883,27.11,12.2
0.41204,0.60967,1.1043,2.4237,0.56268,0.015431,4.8279,9.2502,34.373,17.9
0.12441,0.21334,1.658,3.5492,0.6,0.010376,6.4579,12.504,33.563,12.7
0.26034,0.44403,1.557,4.3652,0.6187,0.014492,3.3691,9.7468,29.959,13.3
0.41444,0.45681,1.9451,3.3869,0.6085,0.015108,5.4599,9.2657,33.789,0
0.14943,0.3543,1.2097,3.9152,0.72703,0.014969,6.2095,14.88,44.455,12.4
0.32305,0.67129,1.3488,4.5148,0.56928,0.01147,4.775,6.3274,44.536,0
0.2163,0.44389,1.7827,3.4729,0.67526,0.013553,3.1551,9.0701,43.954,15.3
0.28821,0.75985,1.937,4.4405,0.66778,0.01477,3.0437,12.495,22.556,12.4
0.069364,0.31141,1.4728,2.2022,0.73164,0.012314,3.7397,7.4845,21.4,11.7
0.1321,0.47929,1.461,3.2265,0.6482,0.011306,5.8505,14.954,37.926,11.8
0.1944,0.54364,1.3803,3.2895,0.64485,0.014202,4.7904,11.295,41.302,13.7
0.09801,0.30461,1.9506,5.1058,0.6104,0.010992,7.1814,13.051,29.229,13
0.19512,0.36304,1.2595,5.1565,0.56925,0.013734,5.4984,6.1629,31.513,13.7
0.33745,0.77636,1.5289,4.9796,0.75792,0.01226,4.809,5.9334,41.085,18.2
0.21548,0.65442,1.554,3.602,0.61332,0.0099469,3.3785,13.496,28.406,10.7
0.3196,0.26266,1.5874,2.5177,0.60987,0.011899,6.5673,13.727,40.366,17.4
0.14298,0.4078,1.9606,3.0772,0.59084,0.014211,4.4045,8.3184,20.013,12.4
0.27557,0.46648,1.1614,4.2837,0.66881,0.010782,4.9556,7.4762,34.547,14.6
0.071097,0.56138,1.04,4.7605,0.62862,0.0097856,5.9571,11.331,39.515,11.8
0.34461,0.67496,1.6487,4.909,0.68122,0.014155,6.5563,11.93,42.977,19.5
0.43782,0.39736,1.0948,4.5929,0.69655,0.010213,5.395,14.423,23.432,11
0.31386,0.31642,1.6265,4.0355,0.6482,0.013613,5.2258,13.546,37.663,15.8
0.22142,0.57212,1.6412,4.8366,0.75872,0.014098,5.5191,5.5193,22.685,13.9
0.39332,0.74957,1.6717,3.5603,0.75228,0.0095594,4.9196,5.1944,34.778,0
0.27729,0.20736,1.5898,3.2539,0.56509,0.01585,3.651,10.536,41.566,16.2
0.32302,0.22098,1.4402,3.4928,0.71322,0.015999,4.2773,13.888,21.223,11.6
0.18266,0.63773,1.4987,3.8133,0.60493,0.0098609,5.4161,13.77,36.016,12.5
0.22929,0.28229,1.1412,5.1211,0.75438,0.012002,6.7702,10.616,38.896,14.2
0.44037,0.22512,1.351,3.6032,0.59499,0.011491,7.4323,5.7215,22.299,17.5
0.13232,0.56912,1.2734,4.4167,0.62115,0.014358,4.2544,11.74,23.278,10.3
0.42698,0.46675,1.358,2.6827,0.65981,0.012165,3.3211,13.909,42.675,0
0.36306,0.48317,1.7961,4.8002,0.69445,0.0094927,3.6124,9.2837,39.547,0
0.28566,0.48328,1.0338,2.7135,0.74636,0.013135,5.5217,7.2144,43.781,15.8
0.1949,0.47513,1.8308,4.5453,0.6482,0.013368,7.7675,11.665,26.642,14.2
0.33926,0.53665,1.973,3.0759,0.6594,0.010988,3.361,6.144,21.863,0
0.44848,0.55976,1.789,4.7571,0.72541,0.015558,3.1693,6.4271,38.116,0
0.39884,0.42446,1.2162,3.9013,0.56513,0.0093045,7.6572,9.0465,39.603,0
0.14705,0.56513,1.8932,4.0616,0.74483,0.015971,3.7404,5.278,42.762,14.9
0.1092,0.25397,1.7157,2.6983,0.59194,0.012353,7.7337,12.441,36.788,13.9
0.078138,0.38366,1.9368,4.7441,0.73817,0.01312,3.8029,6.7905,38.669,13.9
0.42811,0.59479,1.5438,3.9663,0.60692,0.014738,6.9325,10.921,30.886,18.6
0.2699,0.41178,1.9958,3.2682,0.75323,0.0091732,6.8792,9.4318,35.742,0
0.17561,0.75309,1.2233,3.2968,0.62163,0.0092648,6.0158,13.389,34.686,11.9
0.19538,0.28393,1.1165,5.117,0.66834,0.0096056,4.2705,7.1278,27.845,11.6
0.4115,0.51242,1.1622,2.6041,0.57281,0.014983,7.8623,14.32,30.218,15.6
0.41064,0.4907,1.4697,2.6768,0.57657,0.013432,4.5449,9.6935,25.257,15.1
0.050578,0.67857,1.368,2.2187,0.703,0.01053,6.4336,7.4901,26.632,0
0.10283,0.40653,1.7544,4.841,0.70209,0.010725,5.2469,14.342,35.372,12.1
0.15332,0.57866,1.6955,3.3843,0.5987,0.01115,6.4548,11.334,26.226,12.6
0.067369,0.51887,1.1762,3.739,0.73426,0.013295,4.3472,13.575,23.917,11.3
0.15377,0.60235,1.226,4.6512,0.62482,0.012419,6.8086,12.407,35.881,12.4
0.14966,0.64059,1.3395,3.0816,0.58543,0.009071,7.6146,14.13,29.534,11.5
0.33056,0.60341,1.1277,2.7762,0.74057,0.015243,4.8784,7.5319,35.048,15.3
0.30018,0.21181,1.8197,3.7271,0.74189,0.0098304,7.7207,14.3,22.35,0
0.2161,0.39372,1.8463,5.0172,0.70584,0.013787,6.1971,8.1888,38.284,16.7
0.11306,0.65604,1.0919,5.0763,0.68179,0.015265,3.9607,14.911,26.013,9.9
0.13937,0.4412,1.7809,4.6909,0.6419,0.011817,6.8488,7.5212,41.624,15.9
0.32287,0.78644,1.1855,2.8218,0.62258,0.014264,4.8287,11.075,29.566,13.5
0.2702,0.43127,1.6654,2.2174,0.72262,0.011449,6.5676,14.619,32.665,0
0.31647,0.45768,1.8495,4.136,0.66085,0.01158,6.4162,6.0221,21.171,15.8
0.39773,0.59112,1.6105,3.4391,0.66074,0.010149,3.4559,11.883,23.547,0
0.26148,0.20214,1.4251,2.8463,0.69199,0.012522,5.9903,7.0317,23.415,13.8
0.059516,0.76373,1.6955,3.836,0.61908,0.0092984,7.2588,10.997,20.443,11.4
0.42328,0.20587,1.641,4.5394,0.6653,0.011039,6.1316,9.2847,33.639,0
0.12632,0.64669,1.2129,2.4737,0.73928,0.014756,7.4039,5.9112,37.485,13.5
0.11809,0.69983,1.7281,4.501,0.7127,0.0093997,6.0392,14.015,32.883,12.3
0.25247,0.35337,1.9716,3.9167,0.75368,0.0092901,3.9331,10.228,36.001,15.6
0.18629,0.589,1.3554,4.7246,0.66856,0.013712,4.2729,6.2434,20.995,11.7
0.40518,0.65191,1.8021,3.4975,0.57503,0.01008,4.2262,5.8223,41.309,0
0.11287,0.57,1.5284,2.747,0.71195,0.013305,3.7503,9.5764,37.032,12.3
0.1625,0.57492,1.9417,3.8737,0.69862,0.01585,7.4856,11.515,44.553,16.6
0.11553,0.50587,1.6273,4.5733,0.64355,0.0093838,5.5857,6.3753,29.154,12.9
0.32865,0.27775,1.7858,2.3242,0.72312,0.015069,3.9745,11.104,44.897,0
0.06695,0.28329,1.223,3.9223,0.69422,0.014062,5.5122,11.476,20.889,12.1
0.12754,0.64973,1.3082,4.4205,0.73041,0.0096955,5.9789,12.236,34.198,11.8
0.14404,0.74638,1.9506,3.7222,0.70142,0.014592,3.9884,6.0984,35.444,14.3
0.05889,0.22254,1.1154,4.6294,0.63538,0.010604,4.8307,6.7754,39.349,15
0.18201,0.38947,1.7246,3.9282,0.71555,0.011517,3.9137,10.767,32.057,13.1
0.21865,0.3904,1.9726,2.948,0.67342,0.011464,4.5501,5.124,36.683,16.5
0.40428,0.45279,1.8586,5.0173,0.63522,0.010423,3.8858,8.0929,41.238,0
0.26024,0.69707,1.1069,4.0247,0.67337,0.010827,3.0015,7.9026,40.512,13.9
0.40805,0.79748,1.0084,4.3718,0.57692,0.013433,7.0154,13.33,34.161,17.1
0.15402,0.67072,1.1692,2.9961,0.56098,0.011783,3.1228,13.577,25.102,9.9
0.39414,0.23367,1.2235,2.3091,0.7102,0.013886,7.5839,14.119,40.118,17.6
0.44987,0.68046,1.3229,2.2487,0.70656,0.01231,4.9529,13.63,21.417,0
0.20382,0.2851,1.0457,4.2673,0.7427,0.011685,4.2056,14.101,37.53,11.1
0.40826,0.76878,1.9367,5.1637,0.63939,0.01362,7.1048,11.254,37.493,0
0.24581,0.50529,1.7797,2.2948,0.7402,0.014124,6.0689,12.582,27.092,14.3
0.1325,0.59131,1.9281,4.587,0.63009,0.010891,6.7131,12.26,41.398,14.9
0.41753,0.36141,1.6882,4.0273,0.57431,0.010319,4.6678,8.1405,30.485,18.7
0.085096,0.53592,1.6676,2.5192,0.62313,0.015866,7.4193,5.2576,41.562,15.9
0.148,0.46016,1.1354,2.8201,0.71495,0.0096103,4.9919,10.931,24.893,10.6
0.32872,0.55578,1.4642,2.8968,0.64255,0.014393,3.1667,11.106,21.967,12.1
0.21615,0.79129,1.8426,2.3305,0.7055,0.0098047,5.4169,13.716,20.398,13
0.37756,0.67032,1.1937,4.9118,0.69674,0.015219,6.5543,9.8789,40.81,18.6
0.086299,0.2153,1.3357,3.6341,0.60507,0.012883,6.3957,13.379,42.377,12.5
0.22504,0.43979,1.4401,3.1022,0.64939,0.015751,5.3017,9.9899,20.518,12.1
0.12691,0.73888,1.3893,2.4794,0.62994,0.01025,4.2355,11.44,44.374,12.3
0.41827,0.23228,1.9031,2.7433,0.75852,0.011285,4.1277,14.467,40.251,0
0.41978,0.6311,1.8793,4.7685,0.63149,0.0099539,7.0189,11.841,30.765,0
0.42885,0.7707,1.0321,3.0018,0.57355,0.014789,4.9716,10.842,28.568,14.9
0.43848,0.56204,1.6676,4.7633,0.64402,0.0095139,7.347,11.977,41.016,0
0.3205,0.62084,1.8954,3.9355,0.62504,0.015964,4.0277,7.8925,40.808,18.9
0.3581,0.32035,1.7648,4.0211,0.75285,0.012526,5.3835,10.887,44.47,0
0.18964,0.3566,1.5899,4.4095,0.5764,0.011625,3.425,8.2115,31.311,12.9
0.11443,0.23592,1.4449,3.0291,0.59984,0.012569,3.0874,13.331,24.99,9.9
0.22063,0.63985,1.5268,2.9812,0.71357,0.015681,3.5784,5.2789,30.531,13.8
0.075754,0.27536,1.0924,2.8714,0.60224,0.013269,4.9626,12.297,44.012,11.8
0.35009,0.24724,1.868,3.2616,0.7194,0.014505,4.6468,14.53,40.692,0
0.30165,0.37737,1.617,5.1388,0.6288,0.010678,2.992,14.123,35.669,12.6
0.36449,0.64923,1.6169,2.7235,0.72872,0.014012,6.249,11.158,41.825,0
0.36707,0.63465,1.4092,5.1663,0.68476,0.011472,3.9036,8.239,26.37,14.6
0.42643,0.73574,1.9881,5.0307,0.73484,0.010136,3.7234,11.528,39.732,0
0.078921,0.34671,1.0107,2.8709,0.61097,0.015385,4.8277,5.4103,36.251,12.7
0.37655,0.25025,1.0115,3.2701,0.64255,0.011912,5.3069,9.6901,33.684,15.7
0.26308,0.50462,1.7811,3.0432,0.6701,0.013023,4.0095,10.582,25.333,13.6
0.26966,0.24186,1.8604,2.7984,0.60773,0.011664,4.4268,12.535,27.953,13.5
0.092948,0.68368,1.2521,3.685,0.56797,0.013369,4.9272,8.1127,28.281,11.7
0.42264,0.48079,1.0001,4.3506,0.6399,0.0091605,6.1787,9.4235,34.774,18
0.29719,0.47246,1.0491,4.3324,0.70802,0.011834,3.2471,14.51,41.915,12.5
0.38106,0.46918,1.8845,4.7345,0.68955,0.012547,3.3701,8.6541,25.757,0
0.39407,0.58063,1.7315,2.6424,0.74993,0.011803,6.0469,13.015,37.139,0
0.050019,0.50159,1.9856,2.1943,0.56819,0.009724,6.007,5.4919,30.527,0
0.19235,0.6186,1.363,3.147,0.6955,0.013083,4.1923,8.7787,25.098,11.9
0.15346,0.70839,1.427,4.1442,0.66625,0.015559,4.6571,8.6391,38.642,13.3
0.39557,0.21323,1.8495,4.5962,0.66856,0.012036,6.0022,8.3811,39.433,0
0.088688,0.47117,1.7619,4.0508,0.5603,0.0091202,5.2743,7.2456,29.266,12.8
0.22649,0.23641,1.364,3.3039,0.62025,0.015429,5.3768,6.8339,27.406,13.6
0.38172,0.57087,1.6636,4.0219,0.61225,0.015107,3.0168,8.6826,34.779,17.2
0.41994,0.4748,1.4242,4.1382,0.71285,0.011658,5.2603,11.468,38.359,18.2
0.30353,0.66977,1.0345,2.4759,0.56835,0.010124,7.165,10.624,24.281,12.9
0.42552,0.5253,1.8303,3.1256,0.60655,0.013914,5.5889,7.8915,20.672,0
0.11112,0.67035,1.5188,3.4238,0.58171,0.01342,3.6237,10.836,24.593,10.7
0.24796,0.40126,1.2068,2.4888,0.59073,0.015113,6.6119,5.0658,40.24,17.1
0.14825,0.73156,1.8393,3.24,0.62305,0.010079,4.9321,8.0844,40.509,14.9
0.16195,0.71087,1.1953,3.2383,0.6292,0.013099,5.2713,5.4145,29.48,12.4
0.26859,0.24095,1.2132,4.489,0.68608,0.014661,3.0975,5.1476,29.95,13.3
0.13388,0.55275,1.8227,4.4205,0.74583,0.012672,5.6832,11.703,41.762,14.3
0.12253,0.61946,1.1889,2.7727,0.71419,0.012709,3.0136,14.584,41.912,10.2
0.39892,0.49642,1.5311,2.2701,0.71003,0.014308,5.9078,8.7312,32.28,0
0.26087,0.46923,1.1424,4.1315,0.69493,0.014248,4.5196,13.073,27.479,11.2
0.15963,0.36229,1.7635,3.129,0.6314,0.013728,3.1577,6.5302,30.519,13
0.13516,0.65604,1.6433,4.6922,0.60156,0.012068,6.6506,6.0775,31.094,14.2
0.24622,0.61666,1.9308,2.6388,0.57054,0.013261,4.2047,10.613,36.943,15.7
0.2366,0.59504,1.8083,4.7426,0.70218,0.010843,4.4705,6.8885,34.964,15.7
0.36132,0.25746,1.41,4.067,0.71306,0.012609,3.2239,9.4364,39.512,16.5
0.44646,0.70957,1.06,4.4735,0.70498,0.014283,3.9972,8.2684,34.907,16.8
0.44085,0.47086,1.4963,5.0883,0.7126,0.015858,4.0042,5.3467,23.934,16.2
0.33788,0.66637,1.645,3.1875,0.69093,0.0093196,7.3274,6.0596,43.654,0
0.2018,0.28071,1.3129,4.8694,0.71616,0.010351,3.8597,13.963,39.249,11.9
0.36685,0.32813,1.1934,4.1135,0.58226,0.012541,6.4146,6.6003,29.314,17.1
0.37335,0.74559,1.1607,4.3871,0.67114,0.010315,6.4401,8.0282,35.787,17.8
0.14431,0.49361,1.7583,4.0339,0.60956,0.013572,4.6439,6.222,36.401,14.3
0.42893,0.70469,1.1464,4.2358,0.69284,0.012573,5.1636,8.8659,41.037,19.5
0.15033,0.37489,1.561,4.0533,0.64994,0.015051,7.7598,13.195,37.982,14
0.098817,0.24977,1.8391,3.225,0.74113,0.013045,3.2454,7.1865,23.647,12.4
0.21652,0.72653,1.093,4.9628,0.74717,0.010858,3.1684,9.6947,34.589,11.8
0.3407,0.4001,1.0637,4.8482,0.72579,0.011611,6.8173,9.404,32.937,15.3
0.27408,0.3473,1.1283,4.0047,0.68271,0.010645,7.278,6.183,42.043,17.2
0.20556,0.37989,1.7529,2.9688,0.66511,0.010605,3.2719,13.308,22.875,11.2
0.26677,0.57481,1.0004,2.6641,0.5619,0.014271,6.5085,8.5934,36.74,15.5
0.086398,0.69359,1.4232,2.4781,0.57952,0.0097445,6.0835,7.0399,30.56,12.5
0.37361,0.39735,1.2733,4.6298,0.60129,0.013582,5.8701,10.667,27.847,15.1
0.10827,0.27813,1.8427,3.5971,0.60634,0.014467,6.4021,6.6422,23.51,13.5
0.3175,0.59524,1.6438,2.7337,0.72442,0.013296,7.6511,11.644,26.21,15.4
0.068677,0.22228,1.7183,2.9036,0.58914,0.0093077,7.0342,13.437,25.718,11.8
0.34914,0.36917,1.3383,3.1609,0.57333,0.0095401,5.4642,8.791,30.395,16.3
0.29787,0.59812,1.6355,3.1939,0.70895,0.013869,5.9229,13.857,43.91,17
0.39403,0.39222,1.6636,4.8902,0.69708,0.015994,5.487,7.759,37.315,19.6
0.44801,0.32623,1.4157,2.6593,0.60994,0.011756,4.6908,14.315,31.298,0
0.26063,0.50069,1.8103,4.5878,0.58356,0.013328,6.8536,7.8784,26.708,16
0.23645,0.42275,1.4792,3.4879,0.61105,0.009988,4.3209,8.5148,26.293,13
0.057087,0.47045,1.9046,4.1445,0.58869,0.010809,6.9463,12.304,40.558,0
0.42452,0.3147,1.5269,3.0151,0.64168,0.010679,4.7778,6.6732,20.043,0
0.21266,0.36777,1.1773,3.9303,0.7043,0.014049,5.5329,8.2893,31.351,13
0.16875,0.60982,1.9247,3.0485,0.6552,0.011741,4.5845,9.0319,41.92,15.3
0.43126,0.20263,1.6014,4.53,0.6877,0.0098191,6.5426,6.0075,34.599,0
0.38903,0.33844,1.196,2.2868,0.72551,0.0091978,4.8262,6.7781,32.582,0
0.24839,0.71893,1.5711,2.6863,0.74167,0.013645,5.5034,13.251,27.172,13.2
0.40239,0.51886,1.0926,3.6239,0.62436,0.012802,7.7735,8.7052,20.642,14.3
0.3458,0.39493,1.6653,3.6668,0.73154,0.01424,4.9796,10.171,34.574,16.7
0.2533,0.64032,1.7286,2.7557,0.65098,0.01263,3.7354,12.849,24.116,12.2
0.24809,0.35551,1.6218,3.5446,0.61109,0.012741,3.4481,10.645,41.285,15.1
0.341,0.52322,1.6716,4.7553,0.67039,0.015375,5.7737,13.613,31.299,15.1
0.11425,0.34233,1.6117,3.4745,0.68143,0.010657,7.6576,12.064,36.871,13.6
0.20745,0.5885,1.4493,5.1432,0.57872,0.012279,6.4584,14.448,35.768,13.3
0.29685,0.58612,1.1515,2.9073,0.67003,0.010689,5.5103,13.043,36.568,14
0.064709,0.32482,1.4031,4.928,0.6816,0.010528,4.7346,7.7092,29.615,12.6
0.40131,0.53301,1.3249,4.1189,0.68208,0.0096227,4.824,14.43,43.05,17.6
0.15434,0.35874,1.7803,3.379,0.73729,0.012165,5.4749,8.7596,29.523,13.7
0.23323,0.63067,1.73,3.1817,0.65286,0.011644,3.3097,14.857,34.887,12
0.23005,0.78321,1.6887,3.6373,0.63147,0.01202,4.021,10.478,43.918,15.7
0.1248,0.66212,1.8374,4.8982,0.68613,0.013155,6.853,7.7607,20.186,13.2
0.15737,0.52031,1.2251,4.9108,0.58255,0.010864,5.389,11.639,40.879,12.7
0.30389,0.6841,1.5724,3.6484,0.7203,0.012087,3.2343,14.905,38.711,13.4
0.28146,0.4005,1.5934,4.8782,0.72859,0.015079,3.5082,12.903,30.129,12.9
0.17279,0.21591,1.7105,4.7042,0.56998,0.010719,7.7408,6.1308,43.929,18.2
0.18815,0.72827,1.276,4.3166,0.56994,0.0097508,7.285,9.2728,34.043,14.2
0.34309,0.77653,1.0591,2.532,0.58616,0.014619,3.7909,10.285,37.695,15.4
0.44616,0.56626,1.2916,3.8259,0.66814,0.015304,3.3446,14.868,42.622,16.4
0.4256,0.60312,1.7266,2.4534,0.58709,0.014675,7.2165,6.0597,38.877,0
0.17847,0.34294,1.8396,3.4376,0.69199,0.0092505,6.694,15.006,29.584,13
0.2617,0.6705,1.1622,4.8776,0.62206,0.013755,5.2859,11.672,37.052,14
0.14693,0.52624,1.1642,4.8931,0.67454,0.014917,7.8685,12.994,33.833,12.3
0.39924,0.36053,1.9411,5.1441,0.74347,0.0092604,5.9199,9.2401,21.118,0
0.42009,0.65081,1.0604,4.3397,0.61727,0.015751,3.7367,11.002,31.609,14.5
0.21453,0.72829,1.2249,3.8022,0.74952,0.013573,3.1605,8.9186,41.828,13.2
0.20532,0.64814,1.7411,2.8626,0.74476,0.010204,7.1413,9.1384,39.238,16.3
0.18601,0.7348,1.8554,2.569,0.69647,0.010047,5.0418,10.529,33.775,14.3
0.3592,0.64445,1.9077,3.5644,0.64016,0.015607,3.4681,10.617,27.915,15.1
0.42791,0.57134,1.4644,4.8104,0.70654,0.013125,3.4932,5.2488,22.087,15.3
0.23206,0.31299,1.0751,3.1605,0.60546,0.01136,5.7522,14.713,25.661,9.9
0.21006,0.79446,1.462,5.1269,0.65969,0.015916,5.6805,6.359,28.46,13.9
0.3416,0.44939,1.9247,2.3842,0.63588,0.012956,6.773,12.367,29.511,0
0.41186,0.31581,1.8903,2.9478,0.64273,0.009023,5.7192,8.4801,36.12,0
0.42287,0.55262,1.2606,4.8731,0.56345,0.010595,6.5743,6.0263,37.905,0
0.14583,0.4477,1.2894,2.6282,0.62196,0.013434,3.103,11.272,24.985,10.1
0.20882,0.4795,1.7984,2.8363,0.63648,0.015348,3.6094,5.4806,37.22,15.3
0.16925,0.79794,1.1839,3.8387,0.67826,0.012493,5.3028,6.5577,26.444,11.9
0.33895,0.79781,1.5553,4.1043,0.69616,0.01567,4.822,9.7222,23.193,14.1
0.081923,0.5264,1.6723,4.7038,0.67966,0.0094368,6.6782,6.5659,22.108,12.9
0.069603,0.24824,1.2133,3.3389,0.6176,0.010048,6.1591,6.1669,38.342,13.2
0.40601,0.46575,1.4081,3.4149,0.73574,0.012691,3.6287,7.1454,24.186,0
0.19189,0.41874,1.5517,2.5673,0.70208,0.011485,6.2254,9.2828,38.913,15
0.14719,0.31307,1.1527,5.1469,0.75494,0.015455,5.2465,7.048,29.369,11.9
0.34727,0.74066,1.8605,5.0932,0.5903,0.0098621,3.959,7.6063,38.184,19.4
0.13935,0.55823,1.1741,3.899,0.6518,0.015181,3.0225,8.7041,24.048,10.4
0.080517,0.74069,1.4279,3.8127,0.57741,0.013122,5.0294,11.156,20.989,11.3
0.069187,0.47445,1.8195,4.2699,0.66999,0.010406,6.1799,5.4833,37.999,14.8
0.21972,0.50947,1.9113,4.4222,0.75241,0.014302,5.1804,9.585,32.77,15.2
0.14344,0.46381,1.1442,3.7435,0.64076,0.0093847,4.8116,6.0158,35.229,12.1
0.13936,0.5484,1.3305,4.4128,0.71632,0.0098339,5.1449,6.4834,22.468,11.5
0.25547,0.31103,1.7253,2.2891,0.59505,0.01494,7.1395,7.0696,32.168,17.1
0.26417,0.3173,1.9142,3.0216,0.75021,0.013782,6.0796,10.517,39.429,17.3
0.14328,0.26995,1.3534,2.4722,0.63617,0.015846,6.0606,10.789,31.223,12.4
0.22831,0.44447,1.8986,3.4223,0.69603,0.0092517,3.8804,5.9691,23.11,14
0.12541,0.47926,1.1718,3.7365,0.69506,0.015082,6.7747,14.872,25.476,10.7
0.1192,0.75364,1.8989,3.3049,0.58744,0.0099958,3.0239,13.109,40.6,11.5
0.41598,0.40937,1.4566,4.1101,0.6947,0.015831,6.0568,14.307,43.184,19.2
0.44909,0.36098,1.9461,2.5097,0.73399,0.0097666,7.4815,11.382,35.005,0
0.23737,0.50834,1.5448,4.244,0.67261,0.010427,4.8659,11.339,32.859,13.8
0.10152,0.69789,1.8394,3.1437,0.59168,0.015,4.5772,7.7264,41.495,14.2
0.37049,0.35748,1.8989,2.551,0.73131,0.014773,5.2594,6.3109,22.035,0
0.11967,0.63647,1.487,3.6941,0.74399,0.010508,3.6693,9.449,25.532,11.4
0.14443,0.36524,1.1381,2.7024,0.63446,0.015907,7.2843,12.37,34.724,12.2
0.14553,0.34546,1.0189,4.6221,0.70259,0.014424,4.4687,13.013,32.695,10.4
0.097161,0.7257,1.2054,3.0491,0.61817,0.015128,3.7949,12.258,40.119,11.1
0.34673,0.67525,1.6978,4.5085,0.63304,0.015368,5.7558,13.594,43.918,19.1
0.37204,0.45078,1.6029,3.7425,0.68166,0.010229,5.5803,9.9983,41.135,0
0.27912,0.30563,1.1297,4.1451,0.60262,0.012118,6.7159,11.685,27.465,12.9
0.35902,0.41324,1.0901,4.3548,0.7033,0.0095675,6.6725,5.8675,42.272,19
0.40524,0.5416,1.847,2.5532,0.60094,0.0093463,6.4519,7.9629,38.676,0
0.2639,0.39675,1.921,4.6587,0.6646,0.0098588,3.4517,11.76,37.741,15
0.44235,0.77741,1.4021,2.734,0.63787,0.015196,5.9661,11.312,43.997,0
0.1459,0.39082,1.2862,4.9273,0.72171,0.015842,3.8555,13.082,29.09,10.8
0.27475,0.37305,1.7187,3.1589,0.6954,0.014835,3.2025,14.672,23.285,11.5
0.10475,0.59146,1.3301,5.1062,0.69267,0.015409,3.7109,6.0704,43.472,12.7
0.34381,0.21396,1.1081,2.4953,0.61636,0.015039,3.5388,10.771,43.029,16.4
0.44135,0.74264,1.0507,3.4107,0.62233,0.011963,7.564,7.8766,34.354,0
0.37262,0.63118,1.9011,2.3395,0.73202,0.0090543,6.5794,12.139,24.368,0
0.39786,0.29394,1.912,2.8747,0.69721,0.013479,3.778,7.9269,24.943,0
0.42272,0.52444,1.9526,2.8257,0.68901,0.014504,4.9913,13.398,24.056,0
0.13133,0.40639,1.2491,3.2104,0.75728,0.013368,5.9713,10.803,30.056,11.8
0.26818,0.66646,1.4704,2.4385,0.74678,0.0093052,6.2335,12.36,22.311,13.1
0.36422,0.75489,1.5643,3.536,0.71871,0.010986,7.9505,14.89,33.384,0
0.40776,0.34133,1.4785,4.896,0.69275,0.01205,7.2599,8.9904,31.695,18.5
0.23,0.39439,1.8708,4.8232,0.6286,0.015677,4.5386,14.345,24.027,11.4
0.43118,0.72711,1.5072,2.228,0.71563,0.011516,7.2327,9.3606,35.125,0
0.20103,0.63285,1.3162,5.0214,0.72995,0.014429,4.4876,13.757,29.357,11.3
0.36937,0.69007,1.999,2.3086,0.60736,0.012016,7.2262,8.8944,23.05,0
0.4161,0.3094,1.5908,4.6104,0.61223,0.015901,5.1963,7.2826,24.598,16.7
0.3293,0.72512,1.769,2.9576,0.75714,0.0093093,4.7107,11.762,21.398,0
0.071828,0.53892,1.6509,2.8844,0.68538,0.01271,5.5614,12.046,29.322,12.4
0.29561,0.38437,1.0929,4.1621,0.56572,0.011692,3.3503,7.9492,25.309,12.2
0.3388,0.62302,1.7151,3.257,0.66929,0.011505,7.6948,9.4779,22.75,0
0.39605,0.22133,1.2233,2.5872,0.62052,0.010779,6.6459,11.407,44.361,0
0.18243,0.45241,1.4804,4.9028,0.67442,0.011974,5.2621,14.542,34.554,12
0.20657,0.53485,1.9866,4.5242,0.57764,0.011649,6.8375,7.0241,28.807,16.2
0.13707,0.20198,1.1916,3.524,0.69637,0.012276,3.6319,13.067,21.879,9.9
0.099231,0.72263,1.6854,3.709,0.6833,0.014828,3.0428,10.25,29.576,11.7
0.073502,0.62858,1.7781,4.3232,0.58397,0.011265,7.3209,11.782,25.963,13
0.06139,0.35831,1.7486,3.4658,0.75004,0.0095914,3.0721,11.176,25.318,11.8
0.35146,0.62723,1.4065,2.9021,0.66586,0.014547,6.8477,8.7595,30.88,16.8
0.44467,0.73772,1.7355,2.8354,0.57383,0.0096201,4.3022,6.5446,29.083,0
0.32242,0.26128,1.8871,3.575,0.66698,0.0095678,3.6828,5.3508,26.815,0
0.35425,0.76324,1.0153,2.3662,0.69346,0.01294,4.1726,13.957,31.52,12
0.29207,0.3887,1.1349,4.9577,0.75158,0.015925,4.1034,8.7096,37.809,14.4
0.061706,0.55784,1.3477,3.5083,0.58922,0.010237,5.9045,9.2211,27.545,12.5
0.23199,0.44233,1.8923,3.4351,0.70819,0.010872,4.2112,6.6836,35.159,15.8
