chord,span,airfoil mass,total mass,X_theta,Ia,dhh,dah,daa,Vcr
0.37589,0.74348,1.127,4.9134,0.68647,0.0096828,4.3825,10.499,43.918,17.9
0.43596,0.29457,1.9706,5.0448,0.65708,0.014602,3.6994,9.2476,42.873,0
0.36688,0.7757,1.6557,2.2804,0.72983,0.015538,6.3837,12.607,38.558,0
0.20689,0.59329,1.1712,4.2914,0.56637,0.010938,3.2209,6.0013,40.566,13.8
0.32793,0.39026,1.9502,2.2766,0.64775,0.011671,6.8176,12.982,24.652,0
0.24591,0.46735,1.6463,4.3014,0.71094,0.010932,6.3885,11.581,24.045,13.5
0.097599,0.49902,1.9597,3.1945,0.67705,0.010567,6.7463,7.581,32.629,14.5
0.32963,0.73454,1.9593,3.8149,0.58772,0.010045,4.2775,13.437,26.337,13.1
0.37571,0.34611,1.9293,3.2233,0.59932,0.010758,6.0702,9.7629,28.771,0
0.38233,0.55116,1.5497,4.9249,0.61717,0.0143,6.7586,8.8345,34.176,19.4
0.080342,0.23237,1.5308,4.5108,0.7468,0.0099093,5.8341,9.7239,20.278,12
0.18485,0.29731,1.7943,3.1069,0.66571,0.01016,5.9999,7.6597,36.332,15.5
0.32569,0.64889,1.4505,2.4248,0.6058,0.015393,3.7519,13.288,33.439,13.4
0.44845,0.24691,1.4427,2.4933,0.75238,0.0090324,6.8646,13.203,41.697,0
0.083774,0.43987,1.2599,4.5735,0.64628,0.015375,3.8992,7.668,23.618,11.8
0.10443,0.72158,1.5797,3.8229,0.58899,0.014971,6.1003,8.5395,32.811,13.4
0.21072,0.24558,1.2399,2.5433,0.59678,0.01068,5.0763,5.5265,42.548,15.5
0.42791,0.49452,1.4893,3.1865,0.74001,0.011585,3.546,12.833,29.723,0
0.14668,0.44235,1.0965,2.5692,0.74841,0.015693,5.866,5.6278,25.849,11.8
0.19126,0.69272,1.0154,2.3024,0.5938,0.013544,6.6486,11.507,31.253,11.9
0.2688,0.37779,1.7447,2.7402,0.69736,0.010285,4.8324,11.286,39.486,16
0.08245,0.75763,1.7757,3.6337,0.64717,0.012127,4.5217,10.115,32.749,12.6
0.37705,0.6769,1.6443,3.3091,0.72232,0.01273,4.7436,14.42,41.879,0
0.27006,0.57349,1.587,2.7965,0.62025,0.012296,4.1424,13.473,24.849,11.6
0.14037,0.30242,1.2277,3.4804,0.62222,0.015464,5.141,6.8782,42.602,13.5
0.4419,0.46332,1.1111,2.9475,0.64174,0.013164,4.3011,11.058,37.76,17.7
0.1387,0.27045,1.2967,3.1296,0.64483,0.012555,3.4176,7.6548,40.005,12.2
0.061688,0.75731,1.7303,3.6391,0.67571,0.010661,5.2842,14.661,33.65,12.2
0.25845,0.33896,1.4889,4.0455,0.69583,0.011769,4.8272,14.91,20.923,10.6
0.40407,0.74797,1.7962,2.4694,0.61237,0.011347,6.3886,6.3955,38.011,0
0.092705,0.59225,1.4942,4.5105,0.70301,0.015326,7.4446,8.3716,37.449,14.3
0.12912,0.21832,1.7441,3.6734,0.65598,0.015333,6.0393,11.207,41.466,14.3
0.3722,0.54603,1.1829,2.8931,0.7373,0.0092007,5.4395,6.7093,44.447,19
0.33508,0.50028,1.4711,2.3522,0.69639,0.009297,3.3472,10.246,22.398,0
0.37726,0.69053,1.7224,2.6229,0.69192,0.01263,7.8549,11.52,39.988,0
0.23152,0.45943,1.8253,2.4237,0.58663,0.010214,4.9447,13.344,40.064,15
0.074188,0.43955,1.5269,3.4237,0.69137,0.013396,4.4499,9.3465,20.367,12
0.44363,0.3003,1.1062,3.2905,0.59962,0.012428,4.6875,14.546,42.988,19.5
0.071071,0.64271,1.2691,3.4418,0.66957,0.015599,5.0787,14.861,27.516,11.5
0.33044,0.5998,1.5391,4.2676,0.69331,0.010247,3.6301,15.021,24.258,10.9
0.06304,0.53672,1.8819,4.1808,0.59809,0.011582,5.2936,14.846,23.89,11.4
0.39221,0.58686,1.3763,2.7461,0.64565,0.012374,3.5931,10.925,25.635,13.5
0.20385,0.54979,1.2518,3.0446,0.68342,0.010857,7.1119,14.857,38.236,13.1
0.18755,0.55044,1.1078,4.8922,0.73593,0.014724,4.2936,10.974,20.543,10.4
0.2201,0.38763,1.1615,2.7096,0.64458,0.0096596,5.9826,9.7392,37.379,13.9
0.32996,0.58312,1.0336,2.3797,0.62392,0.012716,6.2622,9.1062,40.48,17.4
0.33734,0.78119,1.5313,3.1487,0.58113,0.013277,6.884,9.2645,22.251,14.9
0.15659,0.29219,1.281,3.4936,0.66543,0.012202,7.3669,10.211,43.571,14.4
0.30508,0.77462,1.2407,4.2017,0.61781,0.013703,6.4657,5.7099,26.35,15.1
0.13962,0.6007,1.8444,3.2067,0.7161,0.013727,3.0236,11.052,29.649,12.3
0.4164,0.20069,1.4624,3.4463,0.65218,0.014391,4.6024,12.877,31.764,15.3
0.064305,0.30552,1.7218,3.5938,0.59054,0.011388,6.0269,6.9475,38.441,14.7
0.14714,0.75045,1.2691,4.4698,0.59773,0.011012,3.4456,10.792,37.064,11.2
0.26864,0.45544,1.6444,4.1162,0.6958,0.013451,7.7159,7.1193,37.712,18.1
0.14449,0.27164,1.6073,3.5237,0.65175,0.013634,6.8414,8.5322,36.53,14.5
0.21646,0.70516,1.8329,2.9426,0.68269,0.013076,5.6937,13.729,26.599,13.1
0.17723,0.27153,1.9398,4.11,0.65589,0.013475,5.7136,11.503,33.577,14.4
0.33842,0.5135,1.9937,2.8293,0.58116,0.0097679,3.308,9.0758,31.189,0
0.19633,0.6581,1.6279,4.4892,0.74657,0.015809,3.9501,6.4187,37.387,14.5
0.087528,0.51524,1.5303,4.7567,0.65697,0.011754,6.3472,12.443,32.981,12.4
0.18909,0.29,1.5861,2.9597,0.56889,0.014285,4.2039,9.454,37.175,13.9
0.19369,0.6418,1.3947,4.2235,0.70081,0.012096,3.0879,8.3386,30.588,12.2
0.15811,0.31823,1.8217,3.4631,0.73755,0.011738,6.8356,8.9979,40.193,15.7
0.35203,0.42644,1.216,4.5445,0.74986,0.011293,6.3463,9.4164,40.818,17.6
0.35754,0.30035,1.862,5.1429,0.66288,0.01519,5.9301,6.5775,24.977,17.1
0.21278,0.64922,1.8256,4.5432,0.6237,0.012738,3.4398,6.1471,23.387,13.3
0.32146,0.49711,1.1897,3.6583,0.58952,0.0093848,7.2436,10.636,43.22,19.5
0.32867,0.54967,1.8154,4.8103,0.75778,0.0090037,7.3172,11.156,44.729,0
0.26107,0.48771,1.8013,2.8568,0.65962,0.015306,5.8633,13.482,38.446,15.8
0.28439,0.34804,1.6664,2.4237,0.68519,0.013627,6.6388,13.938,44.538,17.2
0.35761,0.54887,1.9283,3.9136,0.5634,0.009846,7.3036,9.873,41.101,0
0.13376,0.53137,1.6299,2.2693,0.68294,0.011537,3.2377,9.9257,24.793,11.5
0.099233,0.3233,1.1465,2.7405,0.56853,0.013446,4.3993,10.416,37.359,11.2
0.24965,0.52148,1.4452,2.5451,0.65807,0.014971,7.3596,7.7329,25.192,14.4
0.27599,0.58419,1.417,2.7912,0.74959,0.0095745,3.5185,6.4504,24.142,13.3
0.29838,0.54423,1.0521,4.9669,0.70573,0.014165,3.307,13.634,43.34,13.3
0.44376,0.71536,1.7856,3.7134,0.59552,0.01179,3.6597,5.3389,43.459,0
0.17052,0.37732,1.3329,3.5745,0.68964,0.0091766,7.201,10.62,41.332,14.3
0.18915,0.46762,1.0542,2.7046,0.69256,0.011316,7.4824,6.2116,44.69,15
0.26599,0.62415,1.9995,3.0368,0.6429,0.012254,6.8098,13.212,22.486,14
0.12125,0.41578,1.0567,3.739,0.62717,0.01023,4.0347,14.082,36.865,9.9
0.23739,0.74728,1.104,4.4099,0.70725,0.012933,3.911,11.002,27.478,11.3
0.10365,0.32756,1.8949,2.3877,0.6085,0.0093763,5.1986,5.1628,42.41,15
0.12866,0.25602,1.3074,3.5415,0.58033,0.015968,4.6505,8.0035,21.531,11.2
0.1693,0.22781,1.5054,4.4576,0.68621,0.0096292,3.3943,12.802,42.608,12.3
0.26351,0.26549,1.8258,3.1876,0.61879,0.014224,3.0417,5.5145,36.678,16.3
0.29139,0.51566,1.7297,4.2951,0.71628,0.011016,6.4527,10.597,29.893,15.7
0.074636,0.66811,1.3376,3.9969,0.70825,0.0097337,3.6294,10.525,32.111,11.1
0.40619,0.67938,1.7343,2.3273,0.57458,0.0096197,6.9818,14.46,37.073,0
0.10283,0.63363,1.1104,2.5258,0.68814,0.011302,6.2591,12.521,34.56,11.2
0.34601,0.3409,1.735,5.0851,0.73339,0.0096036,4.8222,8.722,37.106,17.9
0.28918,0.67362,1.3677,2.7914,0.57733,0.014404,4.0184,8.9127,33.774,14.9
0.14158,0.58516,1.4845,2.6288,0.71639,0.0097042,4.4603,7.4037,33.252,12.7
0.086599,0.44319,1.1048,2.5102,0.71689,0.011041,6.0077,14.674,30.792,10.5
0.3279,0.65486,1.4326,4.1398,0.58195,0.015536,3.9273,7.6918,39.926,18
0.24504,0.66137,1.396,2.9921,0.56745,0.013713,5.1378,9.5474,35.226,14.9
0.073761,0.38949,1.7727,4.2626,0.58507,0.0099111,3.4518,5.1082,30.558,12.5
0.31223,0.63375,1.5312,2.4998,0.68635,0.0098855,3.6615,6.0159,23.531,0
0.1173,0.31775,1.3175,3.1226,0.60351,0.010757,7.4546,12.062,33.873,12.3
0.12377,0.32722,1.0773,4.9147,0.70134,0.012905,4.5571,6.692,35.542,11.6
0.44517,0.30226,1.2578,3.3637,0.5748,0.013789,5.0019,14.858,30.035,12.7
0.29827,0.29262,1.3813,2.6567,0.71162,0.015098,4.7439,11.885,27.334,13.2
0.26225,0.69945,1.5975,3.1792,0.61985,0.012168,5.1032,8.6261,33.938,15.6
0.34702,0.4546,1.4294,2.5479,0.56489,0.011031,4.5776,11.567,43.903,19.1
0.42429,0.47473,1.2405,4.465,0.71187,0.014185,6.7084,6.0892,37.019,19.8
0.2353,0.3273,1.0985,4.644,0.595,0.010145,6.3199,13.974,32.894,12.2
0.33108,0.29215,1.9535,3.796,0.69595,0.0092559,7.036,12.516,22.985,0
0.26002,0.3955,1.5464,3.3699,0.64302,0.010265,4.2669,5.2354,43.072,17.3
0.31148,0.75957,1.1635,4.9366,0.71893,0.013042,5.1902,7.6061,38.779,16
0.14147,0.23851,1.7673,4.1869,0.70304,0.013494,5.0852,8.9376,40.384,14.4
0.17697,0.68872,1.7891,4.7301,0.66113,0.01345,7.7445,9.4696,21.48,13.6
0.3967,0.57871,1.3551,5.1643,0.60483,0.013567,6.015,8.9025,23.535,15.2
0.060054,0.45267,1.1841,4.3506,0.63407,0.014891,6.6611,10.74,24.401,13.7
0.43295,0.35919,1.9246,2.8446,0.63471,0.0096125,6.1906,6.8362,21.106,0
0.33927,0.40846,1.6606,3.3249,0.68547,0.0091515,7.5428,13.036,38.626,0
0.37525,0.42998,1.6173,3.8998,0.66601,0.010925,4.2331,9.5464,25.673,15
0.37178,0.79166,1.03,3.7803,0.57742,0.014615,7.9357,5.6995,43.465,0
0.057271,0.6103,1.7837,3.7757,0.73707,0.015293,6.1197,6.4087,25.425,0
0.12286,0.22509,1.1069,4.0226,0.74793,0.011481,5.0431,14.873,43.619,11
0.32066,0.79298,1.7668,3.1834,0.69248,0.010709,4.4675,11.832,33.176,0
0.21464,0.56158,1.7505,3.9239,0.67036,0.013085,5.5491,5.8559,37.969,16.4
0.44846,0.41272,1.9713,3.2126,0.73731,0.012183,5.0571,7.2073,23.121,0
0.17357,0.63566,1.7829,4.2547,0.56196,0.014902,7.6017,12.74,21.046,12.2
0.20127,0.6226,1.7295,2.8461,0.61381,0.013711,5.3775,11.267,25.891,12.9
0.12085,0.69779,1.7669,4.9767,0.58158,0.010276,3.4855,9.9276,24.811,11.1
0.40836,0.25945,1.0442,3.8452,0.7145,0.011184,3.8849,8.4196,25.234,13.5
0.25406,0.74382,1.6289,2.4779,0.63817,0.0093823,5.4964,9.3472,44.919,17.6
0.37464,0.49139,1.8944,2.5859,0.638,0.015491,7.5775,12.166,35.438,0
0.18732,0.76162,1.1248,4.3651,0.6893,0.014832,4.9814,12.528,40.861,12.4
0.17898,0.53136,1.9791,3.8212,0.62608,0.013336,4.7932,12.595,30.328,13.1
0.24694,0.61685,1.9727,3.1566,0.72756,0.014174,7.7609,5.3492,28.902,17.1
0.31506,0.3689,1.2304,4.3067,0.68491,0.013134,6.2922,5.5055,28.7,15.4
0.23054,0.34454,1.715,4.7418,0.6163,0.014117,3.6788,13.397,23.445,10.8
0.28528,0.41969,1.8068,3.6846,0.65792,0.015139,4.7557,9.5244,44.068,18.2
0.066919,0.78378,1.1892,4.1747,0.67729,0.013726,4.7951,11.233,40.259,12.6
0.057703,0.25032,1.9748,4.1273,0.60625,0.011824,3.6001,7.7144,26.426,0
0.18267,0.29134,1.348,2.5383,0.73683,0.0096599,7.6402,9.0202,21.165,12.4
0.18695,0.64158,1.7947,3.808,0.69724,0.015255,3.264,8.0666,21.135,12.6
0.12819,0.6321,1.7218,4.8067,0.67649,0.0094948,7.6037,13.034,27.129,12.6
0.26747,0.79087,1.7157,4.6902,0.64665,0.012294,5.7936,7.7209,38.705,17.7
0.25156,0.58809,1.3077,2.5895,0.65511,0.011537,6.9306,12.833,36.693,14.5
0.1034,0.21293,1.5598,3.0758,0.74788,0.015866,4.4231,13.038,42.383,12.5
0.28901,0.73041,1.9437,3.8208,0.70568,0.013037,3.1193,9.4953,36.138,15.9
0.25848,0.42339,1.9371,4.6619,0.72982,0.011608,5.9559,13.756,43.318,17
0.31739,0.32407,1.6539,2.3895,0.64135,0.013669,7.6586,13.14,32.094,16.1
0.3527,0.45023,1.9718,5.1372,0.73283,0.011722,5.2637,7.4969,39.591,0
0.40314,0.74823,1.5583,3.9699,0.58978,0.015298,5.242,7.0867,42.471,0
0.35503,0.72949,1.285,4.193,0.69286,0.0098597,5.0266,7.7829,37.897,17.4
0.16335,0.73772,1.8266,3.3434,0.65958,0.013864,7.1618,11.126,34.348,14.8
0.18042,0.47385,1.7138,4.8265,0.70417,0.0091303,6.3639,9.4151,30.926,14.2
0.096815,0.68881,1.3249,2.912,0.62854,0.01163,5.7228,10.649,29.876,11.6
0.20925,0.50922,1.6575,5.026,0.70447,0.011801,7.1494,6.3734,21.492,13.9
0.083699,0.29834,1.3242,3.0785,0.56234,0.012779,3.4669,6.4951,35.759,11.9
0.39373,0.78453,1.5708,5.1639,0.67071,0.012608,4.6434,9.33,32.275,17.1
0.078415,0.73264,1.0646,3.4819,0.72533,0.011762,6.0574,13.216,42.136,11.7
0.42244,0.31447,1.2586,4.8669,0.67867,0.012527,6.054,13.224,33.277,16.1
0.13083,0.47234,1.4279,5.0715,0.68401,0.013868,6.5908,8.499,32.905,13.2
0.27268,0.2939,1.5621,4.2577,0.64529,0.014854,6.6469,8.6303,31.335,16
0.20456,0.66533,1.7343,3.4641,0.69875,0.015616,6.9112,12.086,22.713,13.2
0.20597,0.55454,1.4594,2.3243,0.60574,0.014839,3.0682,13.667,21.932,9.9
0.31762,0.50013,1.218,3.8881,0.58444,0.013698,5.9879,5.5898,21.389,14
0.111,0.21177,1.4352,4.67,0.68348,0.012641,7.3093,6.007,42.681,14.7
0.093207,0.5102,1.1432,3.8514,0.56092,0.014367,7.2335,14.198,44.654,12.5
0.25205,0.36285,1.1008,3.6968,0.67712,0.01434,3.4048,11.646,32.904,11.7
0.11842,0.76313,1.5905,3.4952,0.74838,0.013591,5.2497,13.427,33.296,12.2
0.27155,0.60804,1.3672,2.8912,0.67578,0.015068,5.0239,6.1562,31.076,14.9
0.17007,0.44083,1.8334,3.3842,0.63804,0.011523,3.6913,7.6313,22.15,12.5
0.22176,0.35437,1.2976,3.4479,0.58384,0.012465,6.522,7.4657,39.607,16.1
0.079636,0.43633,1.0034,2.8353,0.56026,0.010324,3.7024,7.7108,24.352,10.2
0.10546,0.55933,1.9011,4.9914,0.60424,0.012379,4.8701,10.268,26.602,12.4
0.077343,0.4618,1.1739,2.2516,0.75094,0.012014,7.7978,12.654,20.164,11
0.32202,0.62357,1.6451,3.8302,0.60362,0.014407,4.1301,8.7386,42.253,18.6
0.39255,0.44146,1.318,3.9992,0.74204,0.015364,5.948,8.3557,41.307,19.1
0.22696,0.74261,1.0332,3.7706,0.7033,0.010255,4.6727,6.9071,28.028,12
0.21154,0.52914,1.0487,3.8315,0.61496,0.010691,4.2057,6.5716,43.89,14.3
0.42426,0.69123,1.7283,2.7007,0.63207,0.010322,2.996,8.1942,37.47,0
0.3001,0.52584,1.439,3.0356,0.66033,0.014331,6.802,10.791,38.672,17.1
0.30821,0.27393,1.5044,3.2151,0.57843,0.010035,3.9808,11.753,30.768,13.7
0.32776,0.35407,1.0098,3.7701,0.61588,0.015624,7.5222,8.9568,20.601,12.8
0.31857,0.7023,1.9715,2.3441,0.65006,0.013077,6.4232,12.224,36.231,0
0.34077,0.42431,1.5816,2.5217,0.57153,0.015858,4.4141,10.98,44.034,19.1
0.12431,0.31582,1.3416,4.972,0.63813,0.010913,3.7497,9.0011,29.348,11.1
0.10245,0.46102,1.0915,4.0172,0.5622,0.013013,6.9386,7.3837,31.18,12.4
0.27774,0.23684,1.4963,4.1002,0.60425,0.014859,7.8454,13.494,32.63,15.3
0.16155,0.64797,1.2369,5.0453,0.68405,0.013202,3.853,5.9335,26.362,11.5
0.39343,0.74664,1.6996,4.3488,0.60598,0.013032,7.0431,9.0684,44.691,0
0.086,0.39256,1.5114,2.3551,0.70514,0.012896,5.6368,13.33,41.449,12.5
0.36561,0.3907,1.4522,4.43,0.58197,0.0097682,4.3394,10.276,44.296,0
0.33416,0.38712,1.2915,4.7244,0.74233,0.013475,4.2669,5.9167,40.936,17.1
0.28389,0.76887,1.061,3.9272,0.61702,0.014794,3.9449,9.4553,29.815,12.6
0.38063,0.60612,1.2076,3.1276,0.58676,0.0137,5.845,6.7277,23.671,15.3
0.24043,0.74486,1.5522,2.2721,0.57077,0.014635,5.2469,8.8565,39.721,16.3
0.19571,0.51941,1.7117,4.7877,0.62574,0.013551,7.8642,5.7897,34.655,16.8
0.21555,0.38548,1.2638,4.4496,0.75904,0.010306,6.8957,6.988,44.789,15.9
0.3709,0.45454,1.7289,3.6684,0.7218,0.011496,3.3562,10.94,42.735,0
0.12751,0.45942,1.7492,2.2909,0.74926,0.014346,5.7841,6.8684,32.429,14.1
0.25714,0.79655,1.8549,5.0605,0.69579,0.011825,7.6649,9.8248,25.775,15.5
0.20852,0.62305,1.5586,4.4432,0.7591,0.015737,5.6653,14.669,22.871,11.8
0.070579,0.38261,1.5802,3.7662,0.74024,0.012784,5.1499,10.457,37.79,13.2
0.05667,0.68055,1.1425,3.6087,0.61137,0.011584,6.2988,6.7261,26.95,0
0.12929,0.31704,1.3268,4.8143,0.65422,0.011828,3.8862,14.719,30.166,9.9
0.38779,0.5692,1.3766,4.8048,0.71697,0.012255,7.0599,14.014,30.711,15.2
0.18373,0.55799,1.902,4.2795,0.63549,0.014145,7.7605,10.458,33.483,15.8
0.17444,0.24274,1.182,2.4523,0.6527,0.0090653,7.5651,11.457,20.015,10.9
0.062154,0.32508,1.455,2.5551,0.56173,0.01409,4.7606,12.834,30.896,12
0.22462,0.22953,1.0496,2.4466,0.67881,0.010688,7.1968,13.602,44.07,14.1
0.24556,0.33219,1.2262,3.7837,0.71242,0.011433,5.2962,11.423,42.913,14.7
0.11463,0.62938,1.5777,3.4732,0.73685,0.011751,3.8849,11.363,35.58,12
0.18118,0.68178,1.9995,5.1162,0.58541,0.010626,3.1082,11.104,22.75,11.4
0.21298,0.73045,1.5481,3.2803,0.60167,0.012087,7.771,6.2703,31.749,16
0.39276,0.22603,1.6916,5.1103,0.61665,0.0099365,6.4164,14.125,35.252,18
0.40999,0.31606,1.7544,3.2121,0.64373,0.01009,7.085,11.279,38.444,0
0.37204,0.24033,1.9508,3.666,0.71103,0.014197,7.1456,6.595,31.413,0
0.29724,0.75931,1.8351,4.8596,0.6765,0.013079,7.2646,5.3787,42.116,0
0.21309,0.22183,1.7461,2.6378,0.58878,0.013242,4.2624,8.2715,30.025,14
0.21255,0.43171,1.6098,2.674,0.59762,0.0096624,4.6059,12.726,25.833,11.7
0.34615,0.61569,1.8241,4.6572,0.61867,0.011166,5.6051,8.283,40.776,0
0.37412,0.5342,1.263,4.215,0.60673,0.012195,4.9128,10.416,44.773,0
0.35209,0.78827,1.2348,3.759,0.57029,0.014298,5.9999,13.602,44.687,19.3
0.42179,0.44571,1.0003,3.7959,0.60155,0.010535,4.619,5.9895,38.668,0
0.3494,0.52598,1.3381,4.6703,0.67051,0.015703,7.4542,8.595,33.64,17.6
0.18867,0.57368,1.7966,4.4109,0.58511,0.014757,3.1158,9.1743,38.265,13.9
0.36255,0.42037,1.7449,4.8501,0.60852,0.0099072,4.1153,8.5301,27.157,15.9
0.421,0.23079,1.5927,2.662,0.72768,0.010173,5.501,15.023,28.865,0
0.068831,0.3282,1.3978,3.1743,0.60592,0.015553,6.4059,14.651,30.929,12.4
0.42613,0.2035,1.6103,4.5765,0.6066,0.015527,6.8063,13.294,34.317,18.8
0.36703,0.39742,1.2235,3.1105,0.6769,0.014809,4.4423,9.0555,41.531,17.7
0.2959,0.79471,1.2037,4.6549,0.69517,0.010743,5.3689,9.0208,34.966,15
0.37021,0.26304,1.8214,4.6966,0.6309,0.01201,5.8512,12.038,38.542,19.3
0.35315,0.43348,1.4293,5.0423,0.67459,0.014948,4.3717,11.253,34.689,15.5
0.43539,0.25154,1.5005,3.7381,0.57803,0.015333,7.4119,9.4199,39.523,0
0.10939,0.57189,1.2606,3.5103,0.7288,0.010373,4.5093,9.8629,28.425,11
0.36939,0.79249,1.159,2.8839,0.70045,0.011628,7.8585,14.753,36.072,15.8
0.39404,0.44113,1.6319,5.129,0.6719,0.015535,6.5917,9.8704,35.956,19.5
0.40505,0.31924,1.3954,5.1498,0.64047,0.013612,7.4967,14.984,36.309,17.8
0.093375,0.22167,1.6181,3.8747,0.75239,0.014223,6.3026,10.263,26.477,12.9
0.4348,0.52412,1.0303,4.2622,0.66394,0.0094132,7.4402,8.332,25.723,16
0.095579,0.38655,1.2284,4.1293,0.57323,0.010928,4.3991,13.831,31.088,9.9
0.35237,0.56198,1.7833,2.5151,0.75571,0.01494,3.2432,9.692,28.121,0
0.30208,0.33818,1.5799,3.9828,0.67998,0.012139,3.1671,10.168,30.173,13.9
0.093218,0.47593,1.4509,3.8267,0.72108,0.013906,7.3512,5.5519,25.472,13.3
0.23386,0.77512,1.79,3.5289,0.62669,0.0094137,6.6945,10.098,24.978,14.3
0.22088,0.30121,1.7517,3.2784,0.74836,0.0091202,7.1353,11.296,33.449,15.3
0.3102,0.63598,1.0945,4.806,0.56287,0.01106,3.8896,14.293,21.685,9.9
0.28244,0.58229,1.6513,4.7672,0.57119,0.014718,5.6346,11.974,25.29,13.4
0.26731,0.62151,1.9564,3.5069,0.57708,0.0094014,6.1373,12.992,37.26,16.8
0.18812,0.76809,1.5202,5.0347,0.57472,0.010449,6.8651,14.172,39.544,14.2
0.16821,0.29111,1.8479,4.5279,0.61417,0.010595,4.5951,13.326,40.535,13.5
0.27827,0.5431,1.286,4.2707,0.71925,0.012091,5.2211,9.6866,26.956,13.2
0.32015,0.7422,1.9085,4.4149,0.6121,0.013827,3.6492,6.265,24.753,15.5
0.10829,0.55103,1.0734,4.6403,0.70458,0.015481,5.4532,11.579,42.233,11.9
0.26541,0.36932,1.976,2.2826,0.62525,0.015811,4.8152,8.1215,23.003,14.8
0.41631,0.28129,1.3321,4.8657,0.65993,0.013307,5.9057,12.013,20.713,12.9
0.26115,0.21924,1.8271,3.1933,0.72934,0.010722,5.8975,14.407,21.175,13.2
0.071591,0.21237,1.6815,3.9692,0.58281,0.014574,6.0793,5.7321,21.712,13.9
0.1044,0.67333,1.0924,2.8869,0.60873,0.0097338,7.2818,12.012,38.324,11.8
0.31021,0.50976,1.3264,4.1586,0.58351,0.010035,3.0888,14.673,44.239,14.3
0.099544,0.48045,1.6567,3.0439,0.71091,0.012907,5.129,7.7019,38.823,13.6
0.40935,0.63707,1.4068,4.9882,0.61109,0.012732,7.7638,7.7075,26.232,17.9
0.42107,0.24115,1.2994,3.9481,0.60066,0.013451,6.9819,10.047,36.25,0
0.36838,0.34002,1.6008,2.5107,0.66315,0.014865,7.594,10.012,26.92,0
0.31101,0.75038,1.5098,5.0959,0.59946,0.0097783,4.4768,8.9942,30.499,15.2
0.17459,0.61631,1.0919,3.3796,0.61904,0.011145,3.5178,10.968,27.048,10.1
0.11209,0.2004,1.2836,3.8257,0.73418,0.0092958,7.5136,6.3397,40.823,13.7
0.37019,0.75073,1.1373,3.6875,0.64099,0.010215,5.8659,11.092,25.341,13.4
0.25797,0.79351,1.4899,4.2579,0.64228,0.0092434,4.4542,13.044,28.643,12.2
0.083326,0.50666,1.3668,4.3917,0.66495,0.014632,7.0746,6.9247,23.072,13.1
0.3784,0.58274,1.0161,4.8612,0.66308,0.012812,6.0222,12.634,41.364,17.4
0.20315,0.25079,1.7339,3.1693,0.72795,0.011602,7.1311,6.7952,23.218,14.3
0.40195,0.22645,1.6867,4.3746,0.64743,0.011659,7.8883,9.0199,30.985,19.6
0.11272,0.39562,1.3141,4.8568,0.6094,0.011175,5.0343,12.11,23.571,10.4
0.39853,0.24989,1.4617,2.2645,0.71064,0.0139,4.0626,11.829,33.912,0
0.39027,0.53514,1.9018,3.4319,0.63163,0.012423,4.2698,14.322,31.649,0
0.1516,0.45873,1.7025,3.3803,0.59637,0.014994,5.911,8.7658,25.522,13.1
0.1376,0.51334,1.4334,4.3972,0.57409,0.014931,6.3894,6.3965,41.44,15
0.12993,0.5644,1.543,2.6603,0.56113,0.0144,6.8139,9.2407,21.4,12.1
0.2843,0.30449,1.7286,3.7762,0.61061,0.015419,6.781,13.9,21.7,12.6
0.12341,0.64224,1.6967,4.5043,0.66038,0.011978,6.0462,13.588,36.75,12.8
0.25944,0.37929,1.704,3.3181,0.67354,0.015215,7.2047,14.018,43.455,17.1
0.37617,0.20081,1.0031,2.4357,0.61215,0.0091596,5.1104,8.4406,33.514,16.3
0.42047,0.3791,1.3381,4.7517,0.6281,0.0099668,5.529,13.597,29.588,14.5
0.32828,0.57674,1.4504,3.5942,0.74994,0.0095845,4.3891,9.5001,34.669,15.6
0.40105,0.48146,1.4374,4.4119,0.65358,0.015026,5.3226,10.011,32.166,17
0.14179,0.25133,1.0674,4.8385,0.60663,0.015031,6.5487,13.758,43.43,12.2
0.10588,0.43634,1.9806,4.1077,0.73928,0.012376,3.0605,11.259,25.757,12.1
0.26097,0.635,1.6074,3.9384,0.64669,0.010709,5.1348,5.1318,35.201,16.6
0.43319,0.25727,1.0356,4.832,0.60939,0.0090624,7.0646,6.435,41.977,0
0.088151,0.41154,1.5934,3.9288,0.69354,0.013536,5.1568,6.4276,38.778,13.7
0.14671,0.59028,1.8574,2.4264,0.75442,0.0092202,7.167,13.387,21.226,13
0.26835,0.7659,1.3215,4.5927,0.68028,0.014527,6.9859,5.5256,27.06,14.8
0.31138,0.49379,1.9729,4.4188,0.67357,0.011093,4.2705,13.896,31.15,14.3
0.37639,0.259,1.8596,2.2562,0.73983,0.0153,5.6105,6.232,24.425,0
0.33244,0.69882,1.0348,4.4468,0.75142,0.0114,6.1812,8.4601,25.392,13.4
0.36448,0.63385,1.2788,3.9206,0.6442,0.0096445,3.1101,9.9415,26.937,13.1
0.1859,0.37241,1.1709,3.3711,0.69953,0.010426,6.3216,9.4607,30.812,12.5
0.1201,0.31592,1.6164,2.9803,0.67194,0.015613,6.5624,11.822,43.965,14.2
0.36013,0.56464,1.948,2.3522,0.61374,0.015907,6.851,9.7835,37.002,0
0.21677,0.42809,1.2133,3.3221,0.56593,0.012306,4.6569,14.788,33.866,10.9
0.38852,0.44484,1.462,4.6522,0.75824,0.012668,7.6172,12.42,34.166,17.4
0.43751,0.6947,1.9596,4.1123,0.63591,0.012336,7.5494,5.1785,23.897,0
0.23863,0.5258,1.0597,4.1474,0.73793,0.0097674,5.1789,7.8323,44.611,14.7
0.2935,0.35225,1.1326,3.8083,0.72556,0.014859,7.1567,7.0672,33.59,15.5
0.39998,0.2726,1.8564,4.8726,0.60357,0.0095389,5.3611,13.38,31.715,0
0.21551,0.50165,1.1254,2.5702,0.7341,0.013221,4.3165,13.678,21.433,10.1
0.2331,0.63333,1.339,3.377,0.6654,0.01526,6.8818,5.7237,26.95,14.2
0.20175,0.7188,1.42,2.8929,0.67953,0.012356,7.4827,14.377,40.427,14.3
0.33356,0.64593,1.8997,2.369,0.62718,0.0090303,7.1305,10.104,29.134,0
0.14066,0.5209,1.2895,2.3784,0.57699,0.0094784,5.0391,6.2638,31.055,12.3
0.40958,0.41218,1.1202,3.8806,0.73501,0.01144,3.1996,6.4534,21.895,13.4
0.34621,0.47392,1.6682,4.271,0.67427,0.013401,7.3788,11.654,41.865,0
0.23701,0.2848,1.0681,4.316,0.6216,0.013698,6.2521,10.34,37.858,14.2
0.25192,0.4928,1.4978,4.9812,0.63786,0.00982,4.1921,11.879,40.961,14.8
0.43806,0.3291,1.7603,3.9256,0.64059,0.01257,5.4682,11.544,38.573,0
0.17078,0.25377,1.826,3.3421,0.71506,0.010256,3.5368,14.082,41.889,13
0.44992,0.71855,1.0369,3.8073,0.75952,0.012577,7.3576,5.7322,44.668,0
0.41909,0.53856,1.4315,3.1868,0.70414,0.0090956,4.8603,14.257,33.642,0
0.23955,0.49792,1.309,5.0258,0.7564,0.012595,7.9529,9.5884,30.631,14.4
0.13529,0.31595,1.8328,4.3532,0.66595,0.014804,5.5494,10.55,25.312,12.8
0.28513,0.28566,1.0522,4.2232,0.68171,0.010538,5.0214,11.329,33.863,13.2
0.10103,0.30152,1.001,3.4278,0.6577,0.010119,6.3242,5.2092,22.972,11
0.43085,0.78551,1.0309,3.6549,0.73254,0.0107,7.1614,13.166,35.704,16.6
0.050895,0.42783,1.9044,4.2144,0.63576,0.013424,4.2063,10.744,44.523,0
0.38987,0.37007,1.6825,3.2477,0.75739,0.0095879,4.2415,13.143,22.091,0
0.2625,0.68037,1.7388,2.5983,0.64758,0.011453,5.3825,10.904,23.625,13.6
0.41213,0.58412,1.1629,3.871,0.74632,0.014482,6.4184,9.6922,26.488,15
0.27771,0.34926,1.3193,4.9057,0.73704,0.014562,7.619,6.8184,32.919,16
0.3008,0.74791,1.664,3.3409,0.708,0.014723,5.9917,5.88,43.039,19.2
0.071439,0.51621,1.1189,3.3137,0.72257,0.010709,7.4121,12.156,29.434,11.9
0.14957,0.35171,1.7672,2.3229,0.69706,0.013342,6.7234,14.803,29.578,12.8
0.15408,0.72648,1.8061,3.5567,0.57819,0.01295,3.9269,10.347,28.856,12.2
0.17591,0.63604,1.5158,4.5452,0.6009,0.013747,3.2524,13.042,36.944,11.5
0.4284,0.25493,1.9084,3.7032,0.68298,0.011212,3.3774,13.536,23.593,0
0.19819,0.57343,1.9976,3.7253,0.7581,0.010586,4.98,11.996,21.596,13.4
0.34906,0.45224,1.8113,3.3121,0.62381,0.015902,6.5809,9.1618,22.446,15.8
0.34382,0.58238,1.0738,2.5348,0.75632,0.012478,3.1021,5.5683,23.502,13
0.40739,0.47949,1.5609,3.6567,0.57356,0.015284,4.4328,7.7205,34.835,19.5
0.24035,0.42099,1.6556,4.9879,0.68409,0.01098,4.0159,9.4213,20.661,12.5
0.40047,0.56606,1.2036,3.7331,0.57076,0.015035,5.2047,10.51,34.152,17.5
0.32216,0.42283,1.0782,3.5424,0.56957,0.014168,3.18,14.572,38.539,12.1
0.42498,0.50802,1.2409,2.9532,0.71179,0.015953,4.7735,12.559,22.731,12.8
0.28882,0.45836,1.7307,2.9568,0.57896,0.012157,6.1904,6.3504,31.301,17.5
0.31088,0.6962,1.3081,3.3804,0.73685,0.013904,4.1994,12.628,27.253,12.5
0.16098,0.20366,1.3747,3.4841,0.62086,0.011036,4.2026,14.397,41.485,11.6
0.20889,0.48765,1.565,3.6422,0.61396,0.015928,3.9084,13.647,20.796,10
0.18278,0.64925,1.6444,2.681,0.75044,0.012803,4.2471,10.816,42.867,14.3
0.40824,0.4895,1.4427,3.1086,0.57106,0.014277,3.6497,8.5892,29.877,16.5
0.40421,0.21274,1.8441,3.0375,0.61007,0.012419,6.6352,7.0562,25.387,0
0.44053,0.55594,1.3044,5.0764,0.73919,0.01033,2.999,12.148,41.673,17.1
0.097323,0.22341,1.5982,3.9862,0.66329,0.0090526,6.4347,14.49,41.818,12.5
0.095311,0.41274,1.2419,3.8543,0.68255,0.011106,6.9807,12.986,39.507,12.2
0.19044,0.23258,1.7087,5.1521,0.5925,0.009795,7.5544,9.8466,41.275,17.1
0.37397,0.31206,1.2472,2.3359,0.68179,0.014441,5.5453,5.3075,44.74,0
0.25038,0.3992,1.1739,4.0502,0.67503,0.014257,3.7576,8.5979,23.579,11.6
0.39024,0.40272,1.2752,2.1913,0.72038,0.012482,5.6792,13.739,38.051,0
0.31723,0.3073,1.5505,5.0529,0.6792,0.01466,7.9127,13.889,25.326,14
0.063852,0.47067,1.0138,3.5944,0.75024,0.010743,4.9221,9.3443,40.752,12
0.37986,0.4718,1.3806,4.9509,0.70817,0.014163,7.7246,10.131,39.777,19.6
0.23087,0.70952,1.3904,4.3884,0.75529,0.012663,5.1396,7.1016,28.065,13.6
0.094348,0.42513,1.3299,3.1996,0.72342,0.012722,5.5956,12.773,22.987,11
0.30018,0.40799,1.3346,3.8971,0.73279,0.01039,6.3523,14.048,24.959,12.4
0.16931,0.49791,1.8899,3.6775,0.6154,0.012738,5.8612,9.158,20.349,12.9
0.33111,0.50405,1.3813,2.3681,0.63172,0.01064,4.0075,13.168,29.816,12.8
0.07143,0.42503,1.775,2.6692,0.74244,0.011234,4.6389,7.0724,39.16,13.7
0.077989,0.77002,1.1582,3.0326,0.69743,0.009988,5.5504,12.243,43.201,11.7
0.34284,0.64991,1.4073,2.8918,0.66417,0.010534,7.2019,11.659,40.386,18.4
0.36755,0.48146,1.3095,4.236,0.75737,0.01439,7.1379,12.091,34.863,16.4
0.35115,0.49803,1.8651,2.3774,0.75371,0.0096913,5.7249,9.0597,22.656,0
0.33967,0.56821,1.783,3.8732,0.72226,0.013037,7.7101,13.745,32.67,16.8
0.36553,0.48382,1.8288,3.1407,0.75523,0.010947,3.3542,12.542,40.76,0
0.41894,0.39621,1.8041,3.7881,0.65266,0.014745,7.7495,5.7927,37.697,0
0.14397,0.43934,1.2681,4.6708,0.75907,0.013548,6.5098,14.353,37.171,12.1
0.27734,0.42851,1.6346,3.263,0.64152,0.011581,5.332,10.064,42.743,17.6
0.13257,0.40316,1.5741,3.6341,0.61244,0.013057,7.3816,5.6395,31.002,14.3
0.083703,0.53794,1.5393,4.4775,0.60662,0.013112,5.2849,13.64,36.501,12
0.19155,0.40831,1.2537,5.0309,0.61964,0.010109,4.7965,12.446,37.628,12.4
0.33036,0.20374,1.3743,4.8778,0.62367,0.01318,4.479,6.2801,29.689,15.6
0.37708,0.78871,1.862,2.4248,0.62754,0.010653,4.579,14.874,33.686,0
0.3497,0.70511,1.1669,4.8826,0.58102,0.014216,6.6369,12.205,23.316,12.6
0.22832,0.50527,1.5305,4.7525,0.69554,0.014641,5.6462,14.589,21.647,11.2
0.26661,0.369,1.4809,4.2279,0.60165,0.013257,4.6209,13.838,23.315,10.6
0.090963,0.77547,1.1529,2.6309,0.59111,0.009627,5.2621,11.719,40.763,11.2
0.36609,0.62763,1.4726,4.2991,0.75161,0.01254,4.5153,12.928,25.89,13.4
0.14372,0.47882,1.6194,4.0193,0.58452,0.0098666,4.4123,12.387,30.263,11.3
0.38159,0.76107,1.3991,2.3299,0.67424,0.014234,4.5912,9.9593,25.521,14.5
0.42571,0.48938,1.54,2.8365,0.57919,0.0094212,7.0875,12.745,24.872,0
0.40805,0.61058,1.6568,5.1444,0.56674,0.01197,5.4399,10.865,22.062,14.5
0.31406,0.23138,1.5568,4.3094,0.65758,0.013323,4.0589,11.487,29.496,13.8
0.091485,0.42651,1.2629,2.8972,0.68458,0.01266,5.0562,7.2079,41.444,12.6
0.3944,0.37036,1.6154,4.5118,0.75097,0.015437,4.9141,6.6564,39.899,19.5
0.095527,0.29529,1.3558,4.7166,0.67656,0.013103,7.6192,10.781,20.229,11.9
0.37375,0.56529,1.4799,2.9786,0.61162,0.012367,4.1267,5.516,24.211,15.5
0.15338,0.31875,1.6057,4.6444,0.72212,0.014616,6.5306,13.624,39.507,13.7
0.13152,0.79601,1.0936,4.1252,0.60304,0.010707,4.6884,7.0086,32.651,11.4
0.4303,0.43676,1.5845,3.9929,0.70293,0.011811,7.2835,14.235,38.751,0
0.16424,0.67809,1.1428,3.687,0.68214,0.013927,4.9067,12.317,42.162,12.2
0.072339,0.28293,1.8631,3.4385,0.64226,0.015714,6.7412,14.84,25.818,12.4
0.088491,0.43075,1.5003,3.8841,0.75533,0.01245,4.9944,14.98,26.505,11.1
0.31613,0.77855,1.6712,3.0708,0.66623,0.0090102,7.4089,9.0738,27.51,0
0.43023,0.47639,1.2876,2.4272,0.67644,0.010071,3.3555,10.836,27.155,0
0.19477,0.63489,1.8583,3.217,0.75235,0.015675,4.0202,12.712,35.368,13.8
0.41757,0.56152,1.7021,4.4043,0.63702,0.010761,3.1738,9.7512,36.107,0
0.16159,0.51072,1.2457,3.0658,0.69009,0.01524,7.2955,7.1292,29.957,13.2
0.40515,0.35392,1.9668,4.0308,0.59307,0.014783,6.2685,10.495,26.263,17.5
0.066063,0.34003,1.3611,4.0737,0.75722,0.01045,6.7754,13.893,31.786,12.3
0.11357,0.68655,1.4765,2.5222,0.73514,0.013446,3.4764,14.114,20.855,9.9
0.0659,0.79314,1.6862,3.3034,0.66086,0.014344,3.2344,12.289,37.513,12.2
0.23356,0.54938,1.3391,2.6852,0.63984,0.015438,4.1202,8.6401,28.094,12.8
0.083433,0.5076,1.8329,4.8871,0.70472,0.011681,4.4801,11.947,41.991,13
0.41982,0.24875,1.4827,2.5581,0.61058,0.015188,3.9714,6.2435,33.572,18.8
0.17585,0.42922,1.7915,4.6908,0.69605,0.011918,6.2044,7.1708,35.412,15.4
0.32008,0.56061,1.3463,3.2665,0.5943,0.014568,5.4533,8.5762,39.357,18
0.14472,0.7069,1.8165,4.712,0.63404,0.011683,7.2967,9.6691,34.244,14.8
0.32812,0.77655,1.5463,4.083,0.67418,0.01549,7.3088,6.7284,24.447,16
0.1474,0.65107,1.1991,5.1221,0.70193,0.010228,7.2815,14.124,44.022,12.9
0.27824,0.53773,1.1767,3.7143,0.66969,0.010157,5.4595,10.381,24.95,12.4
0.29927,0.21579,1.3188,3.7723,0.62535,0.013215,4.7997,6.3792,42.825,17.9
0.30622,0.59526,1.6753,4.407,0.72844,0.012617,3.7493,8.8366,40.505,16.8
0.11855,0.39799,1.9665,4.5922,0.60444,0.015998,3.3087,9.2848,30.088,12.5
0.21012,0.26715,1.4243,4.0139,0.75761,0.010539,4.7604,7.6924,27.267,13
0.12536,0.21372,1.4494,2.9042,0.73375,0.0127,7.5607,14.769,34.616,12.5
0.09759,0.75592,1.5936,4.8241,0.6449,0.013251,3.3438,14.278,36.032,10.8
0.0918,0.62014,1.3958,2.428,0.6029,0.010742,4.1233,12.06,38.834,11.2
0.26891,0.53209,1.6306,5.1297,0.68686,0.013203,7.5359,10.738,28.365,15.2
0.43286,0.46395,1.6015,4.3341,0.69576,0.010489,3.3981,7.7748,41.668,0
0.27374,0.47878,1.4303,4.4953,0.69078,0.013604,3.7951,9.3538,32.607,14
0.20013,0.48822,1.3424,4.5047,0.63679,0.013981,5.3947,12.322,43.419,14.1
0.2569,0.74184,1.2182,4.793,0.57654,0.012258,3.0996,13.113,24.46,9.9
0.11616,0.30896,1.6914,2.8146,0.61962,0.014378,5.4958,14.125,21.426,10
0.2247,0.54335,1.5651,4.6447,0.58522,0.011101,3.0006,14.541,39.137,11.4
0.35052,0.28332,1.3493,2.6273,0.65934,0.014661,6.1543,11.914,35.969,16.4
0.34173,0.71591,1.627,2.7151,0.67466,0.010145,7.5203,5.8034,28.443,0
0.28225,0.48514,1.8053,3.7656,0.60546,0.013966,3.7332,11.611,35.83,15
0.14172,0.30934,1.1664,2.6221,0.60055,0.015685,3.0695,14.605,20.622,9.9
0.43844,0.37856,1.5251,4.7603,0.73928,0.010323,6.2936,14.442,44.373,0
0.093174,0.30734,1.7466,2.3217,0.57426,0.012424,7.2395,15,20.09,9.9
0.26704,0.71681,1.9091,4.7094,0.73577,0.014223,3.5774,10.12,24.201,13.9
0.38244,0.75681,1.1695,4.8245,0.63757,0.011678,4.3473,13.709,38.518,15.4
0.22915,0.62578,1.9443,2.6957,0.60892,0.013487,7.0331,13.564,29.933,14.6
0.096198,0.24817,1.3605,4.66,0.60292,0.014537,6.2634,5.2915,39.624,14.1
0.41903,0.49539,1.834,2.5674,0.71196,0.01548,7.1535,7.624,25.306,0
0.25893,0.43841,1.4791,5.155,0.6809,0.015614,5.4422,9.4095,39.296,16
0.34763,0.46574,1.053,2.4368,0.7196,0.013589,3.1517,10.601,37.975,14.2
0.094163,0.32999,1.811,2.5893,0.73638,0.015465,3.0538,8.8016,24.175,12.2
0.26609,0.261,1.0393,4.973,0.75432,0.011526,6.211,5.7095,25.178,12.9
0.065842,0.48162,1.1501,5.1472,0.64541,0.015688,6.6112,10.839,33.486,14
0.33218,0.20302,1.7825,4.9539,0.56166,0.014772,6.8267,15.001,25.671,13.1
0.41782,0.5852,1.1053,2.9778,0.71277,0.014639,3.5113,9.7276,25.457,13.3
0.41908,0.39219,1.8575,2.9528,0.73561,0.010318,6.786,5.3469,36.038,0
0.27675,0.42585,1.2125,4.5498,0.58909,0.012424,3.0542,6.8961,32.111,13.7
0.38529,0.28463,1.7322,4.2465,0.5669,0.012422,7.847,6.1545,38.56,0
0.30542,0.55651,1.4986,3.8769,0.6453,0.0095337,4.4429,10.643,35.813,15.5
0.42231,0.78666,1.0936,4.1585,0.68055,0.012317,4.7713,9.7858,36.756,17.3
0.43386,0.25345,1.7977,3.9456,0.74244,0.0097079,4.4565,5.5459,32.583,0
0.35735,0.36979,1.2254,3.1672,0.65065,0.014162,5.5394,8.8551,42.617,18.8
0.4361,0.57696,1.132,4.0282,0.6366,0.015938,4.4241,12.092,33.36,15.5
0.12728,0.61366,1.0505,2.7266,0.56913,0.015195,7.189,6.2116,30.24,12.6
0.098091,0.54326,1.9494,2.9425,0.75797,0.011449,4.0326,11.688,44.314,13.5
0.29908,0.23812,1.3735,2.6721,0.60626,0.0093655,7.4988,12.963,29.305,14.4
0.38282,0.6523,1.6219,3.3556,0.63186,0.009622,4.6984,10.517,31.494,0
0.30818,0.50811,1.8144,2.4648,0.65274,0.013129,3.9259,11.143,21.279,0
0.28029,0.70541,1.4997,3.4904,0.58981,0.009198,6.7733,12.991,27.319,13.6
0.096083,0.42505,1.8289,4.6986,0.69305,0.015721,7.7056,6.157,36.187,15.6
0.24232,0.23991,1.8978,3.665,0.71426,0.0094225,4.3023,11.541,23.32,13.3
0.30542,0.43097,1.7657,4.132,0.6363,0.0111,4.6907,14.219,31.387,13.7
0.227,0.47251,1.9453,2.8307,0.73648,0.0091391,4.6988,12.69,28.55,0
0.29752,0.47181,1.0102,3.9705,0.68031,0.013546,4.7036,9.963,37.524,14.2
0.40512,0.23303,1.0984,4.1226,0.71281,0.015916,3.6166,8.6748,36.886,16.2
0.2003,0.71808,1.292,2.5737,0.69453,0.010418,7.3326,12.542,30.464,12.8
0.050092,0.28968,1.2738,4.7906,0.68025,0.011248,4.4115,9.3832,42.574,0
0.42004,0.50318,1.6276,4.3311,0.56478,0.013025,3.2227,9.2553,31.673,17.3
0.059051,0.23904,1.924,3.7757,0.63336,0.011548,3.7469,6.5261,28.75,14
0.18439,0.67042,1.4867,3.5677,0.58625,0.015205,6.3628,13.382,36.392,13.4
0.44357,0.78787,1.2502,4.047,0.70565,0.012487,7.2391,6.9392,23.084,16.3
0.051116,0.29177,1.5342,3.7052,0.63704,0.011174,3.0078,13.182,35.94,0
0.22934,0.34645,1.8034,4.6452,0.73044,0.012271,7.8435,13.442,21.944,13.5
0.14504,0.69054,1.4058,3.5722,0.75031,0.015755,6.8164,10.775,42.878,14.1
0.24817,0.29961,1.326,3.0626,0.67166,0.0094723,3.3349,6.6978,43.666,15.3
0.37444,0.62627,1.9702,5.1686,0.75749,0.010051,7.7824,10.335,21.832,0
0.17473,0.7371,1.8348,2.1803,0.68804,0.014622,4.2157,5.6712,26.559,13.8
0.091088,0.49023,1.4189,3.3172,0.73735,0.011944,4.4092,5.5118,25.459,12
0.14567,0.21756,1.7023,2.1962,0.68218,0.011857,4.2347,11.555,27.987,12.1
0.091469,0.52134,1.1649,4.8236,0.69329,0.014934,6.8033,13.1,35.804,12.2
0.33417,0.6132,1.3209,3.7682,0.73464,0.0093818,5.492,9.3576,42.587,17.6
0.30207,0.78982,1.5852,4.6952,0.65376,0.012817,3.8855,11.375,44.054,16.8
0.26361,0.48777,1.7937,2.4514,0.73616,0.0090271,5.5476,11.815,34.124,0
0.24138,0.39231,1.6016,4.9128,0.6965,0.015627,3.4854,10.14,22.733,12.3
0.2681,0.61327,1.1474,4.506,0.63981,0.015288,4.5252,5.6405,25.467,13
0.083133,0.77024,1.0164,2.5173,0.56248,0.010514,3.0471,11.454,32.905,9.9
0.14822,0.31625,1.0909,3.2786,0.56156,0.013219,5.3843,8.1112,38.591,12.7
0.38574,0.35746,1.5142,3.5136,0.62824,0.014874,7.9025,11.295,24.512,15.8
0.099207,0.54798,1.3285,2.9779,0.67005,0.010264,6.3825,5.5869,20.831,11.7
0.16461,0.24643,1.9006,4.7131,0.63914,0.010185,5.1423,9.1922,38.199,15
0.21259,0.77108,1.912,5.0275,0.6292,0.011032,7.4235,7.1303,23.252,15
0.25821,0.74328,1.4025,2.8206,0.57575,0.015531,6.0044,8.8049,36.603,16.2
0.36688,0.4001,1.6927,2.7847,0.75174,0.013983,3.8245,9.4578,35.805,0
0.42199,0.5176,1.6265,4.2158,0.74464,0.01007,5.0186,8.1548,37.327,0
0.40628,0.4944,1.8058,3.1526,0.66998,0.011721,7.4741,11.791,40.69,0
0.094036,0.36754,1.7676,2.8215,0.56681,0.012056,7.6743,7.6509,34.224,14.9
0.19382,0.2161,1.5004,4.6543,0.6118,0.0093212,4.2224,11.637,28.215,11.6
0.3138,0.2078,1.7181,3.3467,0.5667,0.011842,6.5715,14.243,44.58,19.4
