chord,span,airfoil mass,total mass,X_theta,Ia,dhh,dah,daa,Vcr
0.1156,0.59516,1.2556,2.6461,0.61532,0.011091,3.0195,7.3165,36.733,11.2
0.44267,0.35369,1.6192,5.0888,0.65843,0.011107,5.9755,10.464,23.224,0
0.27089,0.28944,1.2585,3.7594,0.72268,0.01403,5.4941,13.97,43.748,14.8
0.23494,0.37256,1.9264,3.6623,0.73547,0.010493,3.562,6.2732,34.333,15.5
0.23655,0.42442,1.7546,3.5401,0.70121,0.015507,7.0923,5.4285,44.135,18.8
0.40519,0.58326,1.011,5.1051,0.63711,0.011798,5.5414,10.546,43.952,0
0.39216,0.48602,1.8778,3.3429,0.56983,0.011152,4.591,9.643,32.183,0
0.3327,0.42038,1.9414,2.9779,0.70908,0.015364,5.9128,14.095,21.397,0
0.27269,0.20178,1.1532,3.3958,0.60669,0.012747,4.548,12.116,34.657,13.1
0.14568,0.23844,1.0034,2.7405,0.65824,0.013315,3.6039,6.3603,27.835,10.6
0.085142,0.44528,1.2823,4.0651,0.60395,0.01358,3.9573,5.976,42.939,12.7
0.2733,0.45058,1.1104,3.8315,0.58226,0.010652,3.6833,8.3124,28.641,12.6
0.4215,0.73299,1.79,2.3967,0.64396,0.011777,5.0547,14.77,25.927,0
0.093431,0.68002,1.0448,5.0532,0.72033,0.015724,6.8187,11.112,44.706,12.8
0.27502,0.49753,1.253,2.7612,0.65855,0.013976,7.9281,8.3762,25.484,14.3
0.18811,0.25496,1.6316,3.3079,0.73747,0.011986,7.4439,7.2723,39.903,16.2
0.39331,0.45626,1.5889,2.4484,0.61012,0.013156,5.5929,14.171,36.562,0
0.24986,0.58088,1.0864,2.2957,0.71031,0.011266,3.3225,14.263,21.339,9.9
0.077177,0.54412,1.4392,2.2554,0.56994,0.01067,3.6265,11.333,31.89,10.7
0.093999,0.46126,1.9019,3.8708,0.70613,0.015867,5.931,10.062,33.27,14
0.29251,0.65859,1.6006,4.3411,0.64704,0.013526,3.8735,13.795,26.272,11.7
0.19259,0.38201,1.9678,2.7502,0.57957,0.013857,3.4701,7.0239,35.156,14.8
0.33388,0.73432,1.6026,4.7607,0.69519,0.014495,5.6732,5.0745,24.945,16
0.22549,0.53497,1.3851,4.1139,0.67713,0.014364,3.8632,10.061,29.547,12.5
0.44088,0.76165,1.8927,3.5039,0.71031,0.015366,4.8566,6.1929,33.108,0
0.18645,0.70964,1.1862,2.7995,0.66609,0.00959,4.1938,11.376,22.757,10.3
0.29294,0.73385,1.4907,3.1138,0.71243,0.015682,6.2194,9.8832,30.935,15.3
0.12455,0.46588,1.4881,4.7567,0.70329,0.013342,3.4389,6.1476,34.37,12.3
0.23466,0.52727,1.038,3.9112,0.6858,0.012373,3.7926,12.574,39.817,12.1
0.16655,0.50456,1.238,2.7514,0.72174,0.0094667,3.9693,14.778,34.357,10.6
0.28329,0.77001,1.1,4.8095,0.73829,0.010498,3.8248,11.491,24.489,11.2
0.09662,0.4192,1.4024,2.4427,0.69675,0.012828,7.9198,7.1575,42.955,14.6
0.31606,0.64609,1.3785,3.5976,0.58125,0.015186,5.2155,11.712,38.185,16.5
0.16426,0.55621,1.3705,4.5602,0.57471,0.015949,6.8701,5.1037,42.204,16
0.39565,0.61856,1.885,3.5702,0.63431,0.0095812,7.9761,13.728,19.982,0
0.32199,0.59293,1.4118,3.6024,0.63765,0.012164,3.1238,9.2829,22.625,12.5
0.067245,0.53367,1.6113,4.3898,0.61138,0.014084,6.5563,10.068,42.299,14.8
0.36175,0.49692,1.7615,4.1744,0.75562,0.0098195,7.3366,10.709,22.984,0
0.43813,0.70398,1.0623,3.0075,0.64193,0.013388,7.5855,9.1815,37.768,0
0.43835,0.46128,1.6354,4.878,0.73432,0.009999,3.993,11.239,39.356,0
0.14872,0.42167,1.3411,3.5425,0.59416,0.014219,3.4799,13.933,22.032,9.9
0.36261,0.70921,1.4509,3.9893,0.63089,0.014314,5.9372,11.146,41.059,19.1
0.2328,0.72967,1.4936,4.0419,0.67243,0.014052,5.7238,12.874,31.139,13.2
0.41476,0.25195,1.9989,4.356,0.67168,0.0099998,7.1782,12.282,30.414,0
0.15927,0.38882,1.5817,4.2414,0.73277,0.010476,5.5238,9.2805,25.973,12.7
0.35301,0.67515,1.3859,3.1275,0.65619,0.01095,3.7802,8.9841,27.116,14.2
0.14722,0.58551,1.9569,2.7323,0.7419,0.012981,3.9576,12.072,36.269,13.5
0.18276,0.51294,1.0248,2.2401,0.7197,0.0097547,6.434,12.78,39.767,12.3
0.33379,0.76792,1.298,5.1608,0.67089,0.013593,7.7167,7.2764,44.518,0
0.11825,0.76464,1.957,2.6983,0.57086,0.010877,5.72,12.782,35.074,13.1
0.17644,0.46001,1.8428,4.0517,0.61451,0.012602,7.432,6.773,40.482,17.4
0.12248,0.25836,1.0313,2.2038,0.75349,0.015216,3.2384,11.732,44.396,10.9
0.13811,0.25044,1.3589,4.3728,0.68043,0.01216,7.554,5.0618,32.732,13.8
0.10778,0.50279,1.5682,4.0998,0.60139,0.011381,4.6274,11.18,34.76,11.9
0.32517,0.29986,1.6522,4.4792,0.63915,0.011774,6.4506,7.4067,43.702,0
0.1043,0.50691,1.0414,3.1105,0.62435,0.015638,4.0267,9.9234,31.097,10.8
0.37834,0.21049,1.7885,3.7957,0.5691,0.012597,5.2181,9.9436,36.477,19.8
0.25215,0.64512,1.9438,4.5713,0.64755,0.0096322,7.6578,8.8138,38.953,19
0.37152,0.68254,1.5958,3.1483,0.70967,0.012335,5.568,9.8309,30.58,0
0.12041,0.36833,1.8777,4.7949,0.65792,0.013244,6.5784,6.4302,34.556,15
0.128,0.238,1.0639,4.9929,0.66404,0.010051,6.223,10.868,27.788,10.7
0.31886,0.43823,1.2195,2.8958,0.63728,0.0092345,4.7236,10.55,33.941,14.7
0.076726,0.54916,1.4759,4.1591,0.71722,0.01033,7.7975,10.381,42.843,14.1
0.30827,0.29208,1.0522,2.2185,0.59927,0.012694,3.7284,5.7613,33.851,14.9
0.44251,0.29772,1.1566,2.6643,0.5757,0.014029,5.2213,10.131,35.109,19.1
0.40323,0.27315,1.2903,2.3603,0.58871,0.0094758,3.9154,12.717,42.422,0
0.25731,0.70678,1.2288,3.4584,0.63366,0.013872,7.7119,7.2089,38.805,16.9
0.25794,0.65604,1.8809,2.8857,0.74794,0.0091901,5.7976,13.935,24.155,0
0.2201,0.39614,1.5676,4.6543,0.63834,0.013349,7.8158,13.315,40.315,15.9
0.43204,0.30987,1.6704,4.3801,0.72391,0.013767,4.6403,5.3769,22.985,0
0.16349,0.70294,1.9014,3.5231,0.75771,0.0092365,7.2873,10.316,44.366,16.5
0.40089,0.2968,1.3534,2.3473,0.64882,0.012088,4.6235,14.174,32.344,0
0.33409,0.59878,1.8318,2.9474,0.71385,0.011874,3.2683,13.736,44.288,0
0.09679,0.50499,1.7556,2.5033,0.56677,0.012088,3.6389,14.746,43.484,11
0.42325,0.79025,1.693,4.2807,0.63426,0.0094487,5.2073,10.46,33.484,0
0.36451,0.56085,1.947,4.067,0.73577,0.0098588,7.0577,14.806,25.761,0
0.41509,0.60582,1.7251,4.2307,0.71934,0.012707,6.7632,10.066,42.656,0
0.099444,0.71134,1.175,4.4658,0.65187,0.013242,4.8102,9.0495,38.232,11.9
0.43205,0.72728,1.6097,5.0766,0.68683,0.014441,7.4825,7.2957,22.512,17.3
0.3813,0.45468,1.7271,4.9835,0.61931,0.011185,5.7385,10.556,35.99,19.3
0.28866,0.2967,1.4179,3.2805,0.57605,0.010654,7.9617,14.123,39.75,17.2
0.10406,0.5302,1.0538,4.203,0.72446,0.01538,3.726,8.0786,39.477,11.4
0.24489,0.5295,1.8782,5.1382,0.56383,0.011459,5.6632,12.508,44.23,17.9
0.32806,0.36396,1.9511,4.8963,0.65148,0.014132,5.7812,14.969,29.713,14.4
0.40267,0.73596,1.386,4.356,0.74253,0.015329,3.3973,5.3634,34.29,17.1
0.053716,0.319,1.0207,4.5501,0.59817,0.015665,6.8411,13.196,30.631,0
0.17009,0.60817,1.8585,4.7887,0.73941,0.014905,5.4158,9.9154,21.613,13.1
0.23279,0.55733,1.1101,3.2047,0.61281,0.013061,5.167,9.181,21.335,11.2
0.15388,0.34651,1.7091,4.1499,0.58384,0.0099045,3.3798,12.382,33.884,11.4
0.38375,0.26367,1.2566,2.3357,0.69131,0.010942,6.5357,6.333,33.08,0
0.068356,0.26078,1.4689,4.3052,0.68027,0.010434,6.0839,12.022,27.851,12.2
0.37192,0.30681,1.2413,3.9575,0.73365,0.014731,5.9404,5.0529,43.593,19.6
0.36699,0.4396,1.8734,4.1965,0.60847,0.010179,7.2956,8.2964,28.109,0
0.21007,0.6581,1.1641,4.2382,0.68866,0.014749,4.8827,6.149,41.467,14.3
0.33527,0.54501,1.7411,4.4343,0.67102,0.014606,6.3417,10.381,37.128,18.4
0.43207,0.57665,1.8191,2.7402,0.7103,0.010551,5.0722,12.939,29.979,0
0.068044,0.32063,1.0429,4.0908,0.61035,0.011939,3.8492,13.875,28.505,10.5
0.13205,0.67723,1.0245,2.2926,0.66596,0.015534,6.0011,11.042,36.077,11.6
0.41877,0.33155,1.8849,2.3198,0.72241,0.0092281,5.0652,10.977,24.9,0
0.36844,0.32659,1.1744,4.0148,0.74821,0.013631,4.0645,14.166,29.485,12.2
0.063993,0.33641,1.9069,4.7803,0.67649,0.012926,2.9954,6.2986,25.346,13.2
0.38073,0.43257,1.3181,2.9586,0.6193,0.011997,3.952,10.705,36.422,16.5
0.32423,0.41224,1.9568,2.9045,0.70965,0.011732,7.2138,8.7498,37.67,0
0.18826,0.72629,1.7505,3.4766,0.64013,0.011611,5.2063,8.8331,21.798,12.8
0.22611,0.56392,1.3048,3.3932,0.5802,0.012338,4.4521,5.1928,42.09,16
0.13412,0.61019,1.1544,5.0962,0.66053,0.01524,6.6225,10.002,35.16,12.4
0.18972,0.51573,1.7969,2.9943,0.61854,0.011437,7.3699,5.9632,25.147,14.9
0.1711,0.41091,1.7267,4.8323,0.57039,0.0095499,3.0624,6.9634,20.637,11.6
0.23751,0.34603,1.9199,4.3208,0.65773,0.0095465,5.6403,11.691,35.173,15.6
0.21782,0.26648,1.8166,2.9212,0.66184,0.014629,5.5392,8.057,41.528,16.9
0.072958,0.63845,1.9009,3.5654,0.65387,0.010077,7.799,13.793,32.196,13.4
0.21283,0.27595,1.9254,2.19,0.59728,0.011268,3.2409,6.4754,38.214,15.6
0.24291,0.40284,1.2368,3.5259,0.59709,0.01127,4.3099,13.331,37.389,12.6
0.18341,0.54814,1.2878,2.9652,0.61198,0.01374,5.5891,5.7975,21.376,12
0.15349,0.46396,1.2843,4.2096,0.74992,0.014418,6.1707,12.566,38.65,12.7
0.28441,0.66383,1.3925,3.9892,0.60949,0.011031,3.0867,8.5031,23.525,12.3
0.21461,0.29184,1.829,4.3909,0.57977,0.014744,4.1256,6.0994,36.549,15.9
0.43183,0.68874,1.6233,3.1581,0.61547,0.012041,4.7415,13.808,20.134,0
0.32858,0.40284,1.305,4.1176,0.74423,0.015252,7.9759,5.7588,23.22,15.2
0.44263,0.25415,1.6862,4.9602,0.58836,0.015191,3.0888,8.4569,25.938,15.9
0.44383,0.70796,1.7945,4.8741,0.71602,0.014856,4.5955,12.457,36.592,0
0.16567,0.40242,1.9086,2.2701,0.69927,0.010461,7.1107,7.2123,22.471,14.2
0.2978,0.26229,1.7991,4.8821,0.6225,0.010971,3.0239,9.9887,44.692,17.5
0.34518,0.38643,1.6004,4.5183,0.58231,0.013055,7.3419,11.928,26.054,15.5
0.18709,0.52726,1.0676,3.4046,0.6075,0.012423,7.0203,8.8085,32.929,13
0.087839,0.74546,1.2076,3.3195,0.69206,0.014309,3.8553,10.204,44.863,11.8
0.33304,0.24834,1.0433,3.6468,0.64932,0.012408,3.8195,8.6366,41.998,16.3
0.34774,0.45006,1.9074,2.4562,0.59627,0.015626,3.4942,8.9104,27.211,0
0.079235,0.31676,1.4175,3.0521,0.70043,0.010678,7.7874,8.0846,23.853,12.7
0.2722,0.67433,1.4439,5.1608,0.64732,0.011131,4.2226,14.638,25.552,10.5
0.20824,0.33471,1.27,3.4286,0.75955,0.015377,5.7421,10.993,21.959,11.8
0.28065,0.7389,1.4633,3.3685,0.58089,0.013566,7.9485,11.811,30.692,15.6
0.31192,0.55325,1.7451,4.0959,0.66074,0.015566,6.0167,11.419,37.546,17.5
0.39438,0.4278,1.7121,3.7439,0.6327,0.012043,6.428,7.2985,44.455,0
0.44027,0.37371,1.3384,5.1626,0.71779,0.014564,6.1518,13.145,31.182,15.8
0.38225,0.276,1.5133,4.3211,0.60963,0.012723,4.901,13.048,36.752,16.9
0.44314,0.76209,1.5763,2.4139,0.64276,0.010266,7.9682,10.234,42.112,0
0.3093,0.47975,1.0953,5.0768,0.68402,0.010092,4.9818,13.855,33.455,12.6
0.26747,0.46547,1.1837,2.921,0.61702,0.012707,5.7892,9.1815,42.622,16.5
0.17206,0.58986,1.2888,2.9391,0.63164,0.014641,5.6846,10.931,25.759,11.6
0.090779,0.58679,1.9801,2.4785,0.59757,0.0090657,7.1815,9.8434,31.693,14
0.41342,0.45029,1.5441,4.2703,0.57581,0.012566,5.4245,13.589,35.34,17.8
0.096966,0.56412,1.1642,3.3704,0.66647,0.015126,6.2852,12.906,23.131,11
0.25999,0.73969,1.1091,4.077,0.57617,0.011879,6.5532,6.0342,40.229,17.1
0.30512,0.73884,1.6218,3.4171,0.68951,0.012425,3.4588,11.403,43.737,16.3
0.24055,0.56168,1.5915,2.8491,0.69369,0.010096,6.8613,7.1605,24.208,14.4
0.3403,0.35371,1.1628,4.0506,0.61015,0.010841,7.2096,9.0042,22.594,13.9
0.12754,0.41784,1.8745,3.9726,0.61162,0.011509,7.4277,14.035,31.179,13.1
0.15754,0.53229,1.1788,4.7524,0.6064,0.010177,3.1236,8.2543,33.859,11.2
0.37981,0.68255,1.0244,3.2878,0.65837,0.012262,3.1986,11.2,34.431,13.8
0.16952,0.4614,1.1366,3.0725,0.71227,0.0092471,4.3375,14.993,31.154,10
0.11111,0.73174,1.0314,2.5214,0.61017,0.014318,7.4815,7.2642,36.812,12.9
0.37751,0.76936,1.8743,3.3545,0.74739,0.012058,3.8026,8.1282,37.008,0
0.42362,0.76843,1.5991,5.0199,0.6408,0.0092872,4.4591,5.3494,41.593,0
0.22302,0.25569,1.1378,2.8992,0.6046,0.015074,6.8109,8.4771,29.6,13.4
0.28795,0.52107,1.3336,4.7373,0.61313,0.015538,4.9392,11.861,26.855,12.6
0.061183,0.76437,1.534,4.1868,0.68151,0.014256,7.8966,12.307,41.413,15.1
0.44674,0.65568,1.146,3.1522,0.56576,0.013862,7.7838,12.32,38.399,0
0.11984,0.41325,1.5746,3.5531,0.72674,0.014708,4.6098,9.6468,36.829,12.9
0.28809,0.28063,1.0195,2.5486,0.60466,0.012144,5.6627,14.934,37.914,13.1
0.44202,0.23224,1.6369,5.0544,0.61398,0.015646,7.5012,6.9765,38.329,0
0.11994,0.26308,1.3141,3.2196,0.63979,0.010987,4.5596,12.213,43.596,11.9
0.085116,0.36772,1.5962,4.6586,0.71643,0.012901,3.1714,11.724,41.205,11.9
0.076186,0.41646,1.2581,3.4711,0.62121,0.015766,3.6397,7.2044,42.315,12.7
0.29868,0.4389,1.3561,4.113,0.70662,0.014122,7.7809,5.4895,30.589,16.5
0.053607,0.62228,1.7809,3.8678,0.56466,0.0090529,7.9348,7.0465,40.563,0
0.19438,0.47675,1.11,4.5171,0.65069,0.01108,4.782,9.8544,30.761,11.7
0.32953,0.60504,1.0069,2.4103,0.65213,0.014443,7.0738,11.344,29.102,13.8
0.405,0.35056,1.0661,4.3548,0.71336,0.015288,6.8241,14.499,33.373,14.7
0.43391,0.78691,1.5221,4.7094,0.73961,0.015519,5.2782,12.622,43.45,19.7
0.37428,0.75824,1.447,4.675,0.75756,0.011587,3.8438,13.262,34.656,14.6
0.43464,0.49348,1.2535,4.208,0.7429,0.01332,4.6025,9.9351,30.166,15.6
0.083576,0.55518,1.879,3.8332,0.61989,0.015279,6.9615,12.788,34.954,13.9
0.27289,0.37982,1.5477,5.1488,0.65668,0.013793,5.3901,12.495,25.266,12.8
0.14939,0.2587,1.7087,4.7405,0.71781,0.0142,3.5126,10.239,41.146,13.3
0.38745,0.42665,1.2721,2.5492,0.69827,0.012886,3.0324,9.1903,30.958,14.7
0.36374,0.698,1.5896,2.5995,0.67866,0.014083,5.1319,7.1379,26.615,0
0.44727,0.48845,1.8278,3.983,0.72357,0.015689,6.2419,11.306,36.144,0
0.074853,0.76292,1.8987,4.2579,0.62208,0.011405,3.3711,10.228,35.199,12.3
0.34086,0.20004,1.1698,3.5632,0.63237,0.015664,7.651,14.611,25.143,12.4
0.11388,0.54306,1.5929,4.2691,0.62116,0.011757,4.6744,6.3199,22.153,11.9
0.26958,0.39064,1.9927,4.344,0.67442,0.014021,7.8728,9.2999,42.805,0
0.40892,0.70114,1.048,3.2511,0.61915,0.013404,3.6709,8.7705,41.6,18.8
0.15011,0.2177,1.9994,3.9887,0.60884,0.012067,6.6655,10.61,30.938,14.4
0.29142,0.3086,1.8088,4.6305,0.65745,0.014285,5.0119,12.287,23.83,13.4
0.25363,0.60082,1.1526,2.3614,0.62742,0.012122,6.7782,6.3353,42.518,17
0.13814,0.42713,1.4228,5.0914,0.5954,0.015176,5.7463,8.2449,42.476,14.2
0.26684,0.47773,1.808,3.2558,0.7542,0.012889,6.8391,11.831,25.11,14.7
0.38385,0.71928,1.0415,4.0159,0.61466,0.014227,5.4294,12.954,33.092,14.6
0.289,0.33202,1.364,3.065,0.73032,0.015816,6.1081,13.953,44.503,16
0.30879,0.67929,1.4049,3.6204,0.57278,0.01462,4.7454,13.523,44.775,17.1
0.24373,0.41382,1.0544,4.9155,0.70099,0.012067,7.8305,12.268,36.4,13.9
0.25591,0.72623,1.0602,3.5877,0.6222,0.010363,3.7452,14.044,21.746,9.9
0.43336,0.61993,1.012,2.1879,0.73066,0.012271,7.1736,7.2362,40.129,19.8
0.14943,0.79896,1.9379,3.8352,0.74254,0.013448,6.8905,10.702,24.774,13.8
0.4125,0.50891,1.999,3.3053,0.60122,0.01411,4.5572,6.2058,42.195,0
0.32725,0.76394,1.4172,4.6206,0.72097,0.011523,7.5591,7.9132,24.105,15.2
0.23235,0.34569,1.0019,4.0193,0.69225,0.013622,6.3924,13.536,20.913,10.2
0.32231,0.54268,1.6902,4.86,0.61337,0.0094799,4.558,12.922,32.438,14.6
0.22481,0.30104,1.2646,4.2249,0.72333,0.013939,5.8727,14.971,31.51,11.9
0.24734,0.36438,1.6551,3.3945,0.61999,0.013238,6.9459,14.739,39.315,15.5
0.28999,0.46944,1.1535,2.807,0.70007,0.015693,6.1673,13.943,25.387,11.8
0.32342,0.38904,1.0254,4.634,0.64653,0.0096209,7.6654,8.9378,34.678,16.4
0.14593,0.59214,1.3665,3.617,0.64034,0.011337,4.3279,12.708,25.99,10.4
0.43451,0.75413,1.2742,2.8431,0.61042,0.010729,4.1879,9.3125,40.628,0
0.29687,0.31632,1.8081,5.1302,0.58972,0.014971,4.183,9.1994,28.04,15
0.22362,0.39645,1.099,4.1868,0.56987,0.010407,5.4857,7.7842,30.47,13.1
0.2888,0.22949,1.8867,4.7482,0.57701,0.010242,3.057,10.93,37.677,15.7
0.35357,0.32838,1.9662,3.6265,0.57249,0.010249,4.6813,13.835,21.048,0
0.19216,0.58444,1.8279,2.3072,0.71817,0.0093581,4.4721,7.7514,42.816,15.7
0.29219,0.50133,1.7366,2.5097,0.7369,0.012707,3.0175,6.6587,26.538,0
0.065548,0.60924,1.0282,3.6731,0.65614,0.01095,5.9425,7.9042,42.979,13
0.052426,0.53872,1.3687,3.2874,0.56424,0.013811,5.7628,12.684,39.763,0
0.14862,0.31988,1.3669,4.332,0.58507,0.012009,3.0718,5.7402,37.738,12.5
0.37118,0.74612,1.9121,4.0619,0.5863,0.009435,6.8777,12.451,35.628,0
0.34164,0.32181,1.795,5.097,0.64403,0.01072,5.3906,11.72,41.289,19.1
0.42813,0.27724,1.6966,2.4136,0.58071,0.0099184,5.5653,9.8478,31.127,0
0.36927,0.51736,1.6688,3.6233,0.62654,0.010812,7.8585,7.6736,39.729,0
0.24883,0.39247,1.6163,2.194,0.57259,0.01544,7.5208,13.345,42.822,17
0.32166,0.66624,1.6937,2.7699,0.65048,0.014522,2.9996,10.586,30.811,14.4
0.073366,0.46518,1.8396,4.0281,0.70832,0.015549,4.6166,12.49,41.802,13.6
0.22331,0.51294,1.6527,3.5803,0.59666,0.010582,5.0498,5.1829,38.747,16.7
0.074849,0.45901,1.5428,4.0037,0.64725,0.0095675,4.4098,5.7623,38.229,12.9
0.18855,0.59132,1.4818,3.3211,0.62538,0.0097213,4.8421,8.8044,32.025,13.2
0.36825,0.61484,1.8498,3.7101,0.73101,0.012258,4.3142,11.325,34.048,0
0.26646,0.43599,1.4205,2.5847,0.61844,0.0090513,7.6535,11.123,42.276,17.7
0.21833,0.44011,1.5539,3.9621,0.66126,0.01311,3.6541,12.646,36.259,12.8
0.19044,0.38756,1.2743,2.6219,0.62687,0.014831,4.1579,5.7224,32.348,13
0.098861,0.44157,1.0912,4.3349,0.62847,0.012964,6.2626,11.555,37.501,11.8
0.17044,0.25128,1.6334,2.9726,0.73885,0.011102,6.5653,8.3335,29.102,13.9
0.28694,0.74311,1.2645,5.0228,0.70775,0.0090312,7.2437,11.986,34.041,14.9
0.18509,0.39968,1.0773,3.5482,0.69144,0.013004,5.0005,14.377,28.993,10.3
0.42909,0.21807,1.4411,4.2754,0.7006,0.012571,6.0512,12.494,40.016,19.3
0.18469,0.53846,1.8553,3.9408,0.66165,0.014974,6.409,6.0934,32.529,15.7
0.057667,0.46557,1.9072,2.3073,0.74904,0.010263,4.8395,7.0824,22.37,0
0.2231,0.36654,1.1009,3.6701,0.60781,0.011447,5.7813,10.511,30.512,12.4
0.2042,0.4284,1.2807,2.713,0.58546,0.0091098,6.7554,10.08,38.033,14.7
0.35444,0.36137,1.1936,2.3657,0.64507,0.013915,7.8766,10.546,21.075,13.6
0.28286,0.36703,1.5422,3.5033,0.58344,0.01166,6.8142,14.214,37.297,15.9
0.43825,0.2757,1.6464,3.3338,0.67247,0.010388,4.9596,8.4324,28.892,0
0.19922,0.26922,1.5012,4.624,0.6287,0.01249,3.5801,10.785,32.867,12.4
0.19211,0.71801,1.344,3.5439,0.60762,0.014398,4.357,10.28,33.258,12.5
0.39935,0.76257,1.0487,5.1098,0.68647,0.0095084,4.0491,8.6289,30.647,14.8
0.35326,0.74945,1.6297,5.041,0.71102,0.012683,7.2406,13.19,23.283,14.3
0.35429,0.57034,1.3976,4.6971,0.56766,0.0096734,7.7305,8.9902,33.287,19.3
0.41146,0.40402,1.6639,4.3554,0.6046,0.012888,5.2662,11.133,33.58,18.3
0.25734,0.37163,1.879,4.9829,0.72124,0.015784,5.6112,6.1587,36.236,17.3
0.12635,0.71416,1.9429,2.4836,0.61929,0.014593,5.1986,9.9552,20.718,12.4
0.27906,0.54348,1.7417,2.4031,0.71743,0.010354,5.6446,14.271,44.631,0
0.44012,0.38286,1.7536,2.7924,0.73228,0.013605,3.501,10.835,44.067,0
0.38795,0.65186,1.703,2.9132,0.56799,0.012235,3.5769,6.6462,30.474,17.7
0.31645,0.78389,1.2797,3.7675,0.74614,0.010167,6.9362,6.0597,42.071,18.2
0.2589,0.78448,1.7561,4.341,0.56052,0.010439,4.2918,5.8295,38.363,17.6
0.37906,0.40603,1.1361,4.171,0.72609,0.013715,3.6873,8.8183,36.939,15.7
0.25637,0.78683,1.2677,4.774,0.63475,0.0099564,3.4035,12.418,29.282,11.2
0.20221,0.3813,1.2945,2.9527,0.6527,0.015915,4.9154,14.462,24.155,10.3
0.42,0.6526,1.8566,3.9805,0.58147,0.012188,6.2629,5.6053,20.512,0
0.16592,0.75889,1.514,4.7992,0.63562,0.015192,5.6639,13.956,22.549,10.8
0.13482,0.62096,1.3614,2.1775,0.63686,0.011241,4.9567,6.8425,25.214,11.7
0.28749,0.55668,1.1725,4.9723,0.57124,0.010412,5.5313,12.622,23.631,11.1
0.42243,0.45317,1.0565,4.1959,0.61596,0.014461,7.8042,11.912,32.441,17.5
0.089613,0.37265,1.5381,2.2073,0.61657,0.013127,3.8502,6.731,36.889,12.5
0.27784,0.531,1.9674,4.0586,0.62491,0.012647,7.3147,14.971,40.942,17.7
0.18896,0.64965,1.9394,4.1775,0.65624,0.011003,5.9658,8.3941,43.969,17.2
0.22683,0.7772,1.6764,4.2915,0.75154,0.015579,7.1588,6.5824,40.741,17.3
0.23566,0.37921,1.5233,4.6682,0.66783,0.010819,4.7602,6.8974,28.746,14.1
0.12589,0.70141,1.3842,2.2018,0.6218,0.014857,4.3967,12.843,33.268,11.1
0.11157,0.51515,1.2832,4.3179,0.70688,0.012147,3.9004,6.3854,26.799,11.3
0.30426,0.68371,1.6679,3.0331,0.58849,0.010721,6.4495,5.7475,32.447,18.2
0.4444,0.74294,1.5752,4.4729,0.70935,0.013867,6.3766,7.854,34.527,0
0.29755,0.68854,1.016,2.8164,0.75757,0.014721,6.1504,11.851,40.185,14.6
0.16186,0.59898,1.0293,3.8064,0.66579,0.015112,3.928,14.345,44.389,10.9
0.18248,0.57423,1.5271,3.5505,0.63171,0.01134,3.406,8.934,25.964,11.8
0.24451,0.62006,1.1373,4.6527,0.74601,0.014801,5.4148,11.628,31.39,12.5
0.21738,0.22058,1.9268,2.3034,0.65521,0.0117,5.6603,15.012,42.542,15.1
0.055902,0.66831,1.4853,3.344,0.72462,0.015121,7.9818,6.9866,41.729,0
0.173,0.44674,1.8163,3.2781,0.64524,0.0096385,6.3275,12.343,27.5,13.1
0.1852,0.64059,1.9855,4.2696,0.57799,0.012295,6.1668,10.283,23.513,13.5
0.16021,0.79226,1.795,4.9733,0.62967,0.010464,6.3918,8.5842,30.939,14.3
0.41351,0.70015,1.3914,4.3752,0.61813,0.011045,4.474,5.2784,42.926,0
0.32441,0.34057,1.4974,4.545,0.63605,0.01053,6.6033,12.758,37.312,17.1
0.29787,0.65738,1.5115,3.1615,0.56027,0.013065,3.8492,6.9791,23.738,13.8
0.25217,0.21043,1.4712,2.3115,0.64845,0.010145,5.8505,13.213,22.114,12
0.14313,0.34763,1.3519,3.4006,0.58285,0.011851,6.3697,10.46,28.908,12.1
0.31464,0.60722,1.1316,3.4922,0.74744,0.012992,5.8782,12.676,26.154,12.5
0.32754,0.37692,1.5707,4.0777,0.63978,0.010742,7.6667,9.519,33.275,18
0.30394,0.60087,1.439,2.6923,0.69888,0.015474,4.843,11.418,42.222,16.3
0.24318,0.57789,1.465,2.5008,0.58262,0.0097552,5.2187,14.418,35.825,13.1
0.42187,0.23773,1.3069,5.0226,0.56207,0.010175,6.7664,13.368,35.127,19.3
0.25717,0.76571,1.7412,4.2765,0.70894,0.015117,7.8106,14.849,42.946,17.1
0.16339,0.23518,1.821,2.7119,0.56699,0.014399,5.6926,8.3454,34.435,14.8
0.3918,0.58543,1.4201,3.811,0.59646,0.010654,4.0171,7.6269,43.546,0
0.30663,0.69744,1.3888,2.6785,0.70802,0.01511,4.7676,6.8183,44.891,17.8
0.43365,0.2936,1.9289,3.447,0.60462,0.0099548,4.2909,10.475,22.035,0
0.28925,0.21751,1.4549,3.1708,0.74873,0.011122,5.1311,11.64,29.507,13.9
0.10447,0.25798,1.3052,4.645,0.68545,0.010442,7.8909,9.4077,40.86,13.5
0.26567,0.21508,1.0068,4.5316,0.64948,0.011021,7.3059,11.592,27.097,12.4
0.30783,0.35815,1.1748,3.2792,0.66751,0.015485,6.7356,6.5074,20.052,13.4
0.10081,0.75015,1.6721,2.5147,0.75205,0.0098357,5.4521,8.6431,31.73,13
0.073512,0.39801,1.2645,2.9111,0.74954,0.0092271,7.5208,8.715,36.544,12.9
0.43145,0.25648,1.6853,3.4106,0.58236,0.012443,5.2978,13.801,36.486,0
0.16119,0.5943,1.6454,4.865,0.73647,0.011346,5.125,13.068,43.057,13.7
0.39669,0.49979,1.5845,4.9476,0.59322,0.011621,4.287,13.335,21.734,11.1
0.16241,0.53303,1.619,3.4027,0.61169,0.011917,4.9003,5.9933,23.262,12.7
0.29396,0.59372,1.841,3.6728,0.62144,0.010188,3.2338,7.2882,29.154,15.2
0.27714,0.54183,1.7788,3.944,0.58213,0.013485,3.3501,8.6885,27.163,14
0.34658,0.24019,1.7572,2.8954,0.60618,0.0090839,3.6524,7.1239,25.335,0
0.41232,0.36666,1.0971,4.5218,0.6935,0.013289,4.709,11.933,25.819,12.8
0.17321,0.41438,1.2167,4.2051,0.7072,0.0090701,4.7696,7.4295,43.17,13.6
0.35519,0.42763,1.686,4.2699,0.67808,0.015734,6.8967,10.414,22.333,15.2
0.4044,0.3545,1.4635,3.1657,0.71135,0.01462,7.0056,13.796,22.167,13.8
0.31717,0.50145,1.3356,3.939,0.63039,0.010447,4.3008,6.0165,23.732,13.9
0.17841,0.55663,1.1537,2.3612,0.56156,0.01442,6.4002,6.235,37.961,14.5
0.11474,0.2721,1.6812,2.6078,0.57157,0.0099446,3.0639,6.9212,21.752,11.1
0.065144,0.38472,1.5157,3.3538,0.75904,0.012077,3.7472,12.811,38.509,12.1
0.085057,0.48226,1.2928,3.3939,0.64605,0.015099,6.5263,5.173,20.595,12.6
0.1448,0.55896,1.9262,3.1765,0.64861,0.009694,6.5658,12.246,39.542,14.7
0.42682,0.22854,1.8004,3.5737,0.61583,0.009313,6.9278,14.021,39.372,0
0.38498,0.40665,1.1912,3.3086,0.61127,0.0091502,4.4564,7.4342,25.045,14.6
0.18929,0.52229,1.1243,2.7515,0.65772,0.011849,6.6646,8.029,40.158,14.2
0.41547,0.65906,1.3342,4.3313,0.56672,0.013309,3.5509,5.536,21.36,14.7
0.060488,0.77326,1.5252,4.4421,0.67796,0.014172,4.5871,13.511,32.321,12.7
0.095934,0.68736,1.6668,3.3186,0.70376,0.01193,3.2697,10.88,27.451,11.4
0.21383,0.55165,1.3156,2.6154,0.75831,0.0097525,4.6613,5.4096,43.04,14.9
0.19926,0.7935,1.5435,3.8632,0.59758,0.010508,5.4165,7.225,43.402,16.4
0.16105,0.77186,1.8149,3.2221,0.56432,0.011387,4.912,5.9629,44.211,16.4
0.12602,0.29877,1.507,3.698,0.5703,0.011569,5.914,14.978,30.858,10.8
0.3284,0.20989,1.1525,4.8719,0.56928,0.0092053,5.8622,8.434,25.463,14.2
0.4116,0.60985,1.3716,3.3767,0.60099,0.010664,7.4118,14.242,39.521,0
0.14677,0.55016,1.2019,2.5545,0.69753,0.015375,6.7447,13.259,25.608,11.1
0.2047,0.45121,1.9358,2.49,0.66626,0.013348,4.3917,7.0076,30.19,14.8
0.19504,0.29714,1.8935,3.4947,0.69406,0.010473,5.3457,5.5291,32.378,15.4
0.15789,0.6105,1.748,3.3482,0.67177,0.014126,6.0481,10.842,21.745,12.5
0.1997,0.22015,1.4061,4.1472,0.67505,0.015832,5.1982,12.808,34.216,12.7
0.05844,0.50736,1.4076,2.8328,0.60609,0.01207,7.5895,8.2204,27.088,17.4
0.19551,0.49959,1.8135,2.8778,0.56445,0.011108,4.4803,13.289,23.39,11
0.37583,0.71665,1.5529,2.2289,0.66156,0.013996,6.4787,13.965,37.51,0
0.42492,0.20654,1.8197,2.2761,0.66323,0.013573,6.7606,7.83,35.056,0
0.40551,0.58594,1.7861,3.6467,0.64069,0.015142,6.5309,13.295,20.247,14
0.088223,0.52597,1.8562,2.9664,0.71511,0.013465,6.6153,13.976,39.18,13.7
0.13274,0.22598,1.1536,4.3282,0.58573,0.010546,5.2578,9.6826,22.225,10.3
0.25269,0.24591,1.1665,4.4164,0.62691,0.011135,7.0844,14.85,44.204,15.3
0.28065,0.34009,1.2921,4.1946,0.67475,0.010398,7.781,8.3915,23.722,14
0.18135,0.26786,1.7719,4.551,0.67741,0.0095543,3.9545,12.784,28.815,12
0.38558,0.28033,1.6981,2.7443,0.63936,0.011373,7.6035,13.414,35.718,0
0.3962,0.32977,1.0649,4.2073,0.66702,0.012621,4.2686,13.558,40.56,15.8
0.056629,0.48483,1.9441,3.5492,0.72999,0.012749,5.1605,5.2743,32.589,0
0.40059,0.74495,1.2852,2.5714,0.56003,0.011226,5.6405,13.322,36.82,17.8
0.41521,0.65369,1.1685,5.0653,0.62965,0.013189,6.647,13.738,28.315,14.1
0.23522,0.30013,1.4664,3.5424,0.58556,0.01348,7.4724,9.3043,24.376,13.9
0.16796,0.23524,1.0602,2.2533,0.67009,0.012941,4.513,12.575,36.758,11.1
0.42594,0.49109,1.5181,4.5409,0.67423,0.014365,7.5908,7.1331,35.183,0
0.23629,0.57002,1.2031,4.2061,0.56346,0.010586,7.5623,12.714,33.313,14
0.077352,0.31975,1.012,5.073,0.72644,0.012117,7.9425,12.973,32.195,12.1
0.10224,0.32735,1.8311,3.1447,0.70775,0.010119,6.6474,5.5669,37.84,14.9
0.098694,0.79043,1.5931,2.9819,0.6464,0.015514,5.5294,5.671,36.458,13.9
0.22967,0.2883,1.7752,3.7671,0.57758,0.015303,7.3308,5.593,35.981,18.2
0.40571,0.40863,1.6667,3.5367,0.64938,0.0091192,7.2971,14.408,31.949,0
0.27793,0.79568,1.4041,2.8328,0.7333,0.013823,3.8473,5.1202,24.207,13.6
0.13256,0.74097,1.7091,2.5691,0.64504,0.01363,4.6019,11.004,25.246,11.9
0.12585,0.32499,1.7133,2.9314,0.614,0.012372,4.0934,8.5766,35.923,13
0.3499,0.49545,1.6174,3.1317,0.6205,0.0099925,7.2117,7.9115,42.701,0
0.095284,0.56832,1.2839,3.6977,0.66778,0.0093651,5.1754,7.2173,42.938,12.6
0.32658,0.26956,1.3596,3.0915,0.62045,0.01293,6.9705,9.7295,39.759,18.6
0.21751,0.64372,1.3575,5.0228,0.71003,0.009137,6.7658,14.148,28.674,12.2
0.078514,0.71305,1.0944,3.822,0.74311,0.012654,3.2498,9.4391,37.26,11.1
0.15455,0.73754,1.4597,2.8694,0.59919,0.014948,6.698,11.652,22.657,11.7
0.38447,0.47295,1.6506,4.8866,0.58214,0.013227,3.0719,5.9421,42.622,0
0.26905,0.58652,1.2359,4.035,0.5758,0.01352,3.8715,11.219,44.238,15.5
0.31768,0.39909,1.4579,2.2481,0.66462,0.015924,6.6068,8.9994,34.748,16.9
0.27927,0.5046,1.1455,3.0461,0.66023,0.0099931,5.0219,10.961,40.214,14.9
0.23824,0.60447,1.7572,2.7196,0.68393,0.014389,5.0954,9.4199,32.2,15
0.13673,0.69975,1.5015,2.4815,0.63287,0.014746,3.6042,11.524,38.396,12
0.33427,0.2632,1.9586,3.4444,0.67202,0.0096915,5.4056,6.5662,27.692,0
0.10237,0.40611,1.6631,3.7219,0.71933,0.013036,3.3244,7.5148,42.697,13
0.4058,0.79388,1.3237,5.1356,0.68277,0.013565,5.9967,13.008,35.241,16.7
0.2009,0.30479,1.0599,2.6304,0.63668,0.0090916,7.8169,8.2119,43.87,15.4
0.061584,0.43831,1.2778,3.2589,0.71609,0.01212,3.2766,5.5099,33.25,12.3
0.35671,0.56878,1.9324,4.518,0.71098,0.011284,5.5999,11.486,32.761,0
0.31484,0.33879,1.9826,2.4311,0.64254,0.015897,5.4163,11.149,20.261,0
0.35742,0.64494,1.2173,3.3653,0.61251,0.0095505,4.0906,9.8799,32.862,15.2
0.3856,0.44789,1.4022,5.0314,0.62702,0.0099363,6.4672,14.258,32.168,15.6
0.25228,0.20278,1.1885,4.5122,0.68217,0.014547,7.1795,11.904,22.016,11.9
0.37246,0.28087,1.5699,3.8974,0.56322,0.015544,6.0639,11.716,30.524,16.7
0.33111,0.48242,1.4089,5.1392,0.65705,0.0098208,7.2804,8.4498,27.889,16.1
0.20101,0.72193,1.5314,2.2488,0.60967,0.014066,5.1519,7.6445,24.715,13
0.13579,0.49694,1.033,3.2912,0.63134,0.010923,4.312,12.475,23.272,9.9
0.37123,0.38264,1.3428,4.1513,0.56779,0.014405,6.4404,14.302,21.53,10.9
0.32499,0.63542,1.8465,3.8347,0.72848,0.0093424,6.784,11.79,41.841,0
0.18238,0.5111,1.4539,2.7118,0.72948,0.009325,5.608,7.357,42.562,14.9
0.2665,0.25921,1.8571,2.3015,0.58841,0.010522,6.8773,8.6061,20.613,14.6
0.38351,0.41792,1.7886,4.8123,0.6953,0.012817,7.4844,6.0249,22.253,17.3
0.063696,0.3945,1.1661,5.1675,0.6431,0.01428,6.4566,12.736,42.787,13.7
0.17427,0.32283,1.0729,3.9349,0.6685,0.013509,5.98,9.5302,24.044,11.1
0.35597,0.78998,1.1431,4.6564,0.73623,0.0094932,5.3793,12.418,38.323,15.5
0.3765,0.52009,1.5608,3.2129,0.67015,0.0091477,6.6739,13.37,40.888,0
0.063248,0.7473,1.0949,4.726,0.66444,0.0091146,3.6359,10.962,38.025,11
0.06481,0.3057,1.2324,4.3183,0.71412,0.013126,7.3547,9.5699,44.578,14.4
0.15398,0.6144,1.5967,3.0113,0.61584,0.013786,7.0464,5.7924,29.214,14.3
0.37249,0.775,1.9937,3.45,0.64663,0.011369,5.2633,12.73,38.873,0
0.44696,0.32184,1.3754,4.2993,0.5927,0.011268,7.0351,7.2196,28.19,19.4
0.2348,0.4114,1.0735,3.6889,0.61484,0.012973,3.1276,11.167,30.57,10.9
0.30812,0.38367,1.2908,3.4648,0.67005,0.0098572,3.6421,7.3179,22.653,12.8
0.087215,0.31314,1.6835,3.7977,0.66428,0.015593,6.1775,12.216,30.591,13
0.14934,0.76159,1.8021,4.4582,0.57235,0.015347,6.2681,14.509,33.611,12.7
0.17213,0.25311,1.4215,3.2759,0.73051,0.015887,3.2593,8.6014,44.957,13.5
0.21601,0.42839,1.1046,3.9421,0.58926,0.011636,7.6718,12.034,26.053,11.9
0.34685,0.39598,1.37,3.6517,0.60012,0.011013,4.453,9.3284,31.933,15.7
0.42277,0.70174,1.29,5.0475,0.70461,0.015054,5.6062,5.5577,43.98,0
0.31888,0.23928,1.9791,3.0578,0.74998,0.010214,2.9945,13.815,41.243,0
0.18456,0.259,1.6281,3.3746,0.74561,0.015164,6.0854,13.969,25.206,12.4
0.15332,0.20247,1.0905,3.9608,0.61986,0.014428,6.2019,6.8255,27.064,11.9
0.10434,0.5381,1.1443,4.7415,0.56608,0.014952,4.154,12.579,21.39,10
0.33306,0.31047,1.9946,3.7234,0.66763,0.010901,4.8813,10.151,32.865,0
0.23757,0.2925,1.2151,4.1088,0.68123,0.010276,7.3285,10.307,44.343,16.3
0.16419,0.76945,1.6076,4.5028,0.5727,0.013138,7.4888,10.128,33.301,14.5
0.36943,0.59306,1.4631,3.8453,0.70861,0.0126,3.5939,7.7109,43.101,18.5
0.28576,0.52353,1.9373,2.9402,0.74238,0.0129,6.6834,11.873,23.473,0
0.4394,0.45472,1.0762,2.4971,0.75445,0.012992,5.4091,11.48,25.435,13.8
0.32796,0.34745,1.6336,5.0537,0.70528,0.015788,6.8007,10.281,31.15,16.6
0.30534,0.38428,1.4434,4.1691,0.72446,0.011233,6.2752,10.084,23.916,13.9
0.17203,0.26306,1.8706,4.2102,0.72538,0.015622,6.143,10.164,33.88,14.8
0.44497,0.57614,1.852,3.6441,0.56399,0.010707,5.7404,6.0457,31.838,0
0.11981,0.39523,1.1104,3.458,0.7038,0.014373,7.6259,12.6,28.292,11.5
0.40222,0.51537,1.2673,2.678,0.569,0.010195,7.6189,6.1162,40.834,0
0.11073,0.71353,1.5986,2.7666,0.71951,0.014512,3.4679,6.7445,35.05,12.6
0.18004,0.36037,1.7893,4.0231,0.69729,0.013882,7.6501,6.2319,35.152,16.3
0.24595,0.51782,1.2219,4.4178,0.61163,0.010394,7.3476,5.3019,20.889,13.2
0.2252,0.23941,1.9794,4.06,0.69127,0.011295,5.3675,5.1924,24.981,15.2
0.3934,0.24052,1.3107,4.6532,0.68237,0.015402,7.4106,7.4831,43.935,0
0.23092,0.73313,1.4649,3.929,0.56234,0.014099,5.0665,6.2164,34.886,15.6
0.051875,0.76367,1.6914,2.9887,0.71075,0.013608,4.4086,10.386,21.485,0
0.32097,0.75373,1.4666,3.2797,0.74348,0.009081,7.6362,11.964,40.511,0
0.39309,0.26635,1.705,3.8283,0.66413,0.011196,3.7971,8.2273,36.757,0
0.25958,0.56468,1.7603,2.6649,0.65887,0.014353,4.4941,13.419,36.975,14.5
0.18138,0.52296,1.8378,2.9022,0.5639,0.013252,5.684,7.2935,42.979,17.1
0.4244,0.49318,1.6976,3.7231,0.61705,0.0090662,4.4547,11.695,23.857,0
0.14023,0.72657,1.6057,4.1137,0.57384,0.01053,6.89,11.321,21.745,11.7
0.31289,0.5118,1.9475,2.2359,0.70574,0.01179,6.4262,5.7609,38.931,0
0.070289,0.58545,1.5008,3.7636,0.70765,0.010922,4.1802,12.629,43.982,12.1
0.11648,0.42716,1.0968,4.977,0.72058,0.014111,6.9636,10.766,29.022,11.6
0.11453,0.73182,1.902,4.449,0.63236,0.012474,6.2834,7.9197,23.556,13.3
0.17325,0.40846,1.1395,2.822,0.67116,0.0093583,5.0768,12.146,41.962,12.4
0.29059,0.47898,1.8154,3.1397,0.63528,0.0099661,6.258,5.2849,25.822,16.5
0.44151,0.76581,1.9811,2.3742,0.59905,0.011964,5.6754,9.6628,35.628,0
0.25102,0.67507,1.7104,3.8815,0.59142,0.013379,7.6192,14.862,38.059,16
0.12502,0.71608,1.1291,4.4037,0.56958,0.013548,3.2877,14.228,24.273,9.9
0.085219,0.38273,1.6716,2.7866,0.75496,0.0092769,5.449,11.439,30.105,12.3
0.072833,0.5782,1.2146,4.0624,0.63891,0.014573,7.3852,12.831,37.542,13.3
0.21827,0.58631,1.0783,3.3155,0.64754,0.011849,4.3589,7.3435,38.427,13.4
0.40176,0.66349,1.0358,3.8362,0.67763,0.010723,4.9819,13.098,27.526,12.4
0.24585,0.66877,1.45,4.673,0.69533,0.0096064,7.8936,10.694,25.172,13.8
0.088243,0.23751,1.0258,3.1757,0.67136,0.014922,6.1238,11.029,25.246,11.3
0.15157,0.59118,1.3289,3.7428,0.58494,0.012169,7.953,9.0223,21.528,12
0.16718,0.53136,1.7401,3.1285,0.65877,0.013401,6.7557,11.969,23.402,12.7
0.41278,0.42733,1.5296,5.1391,0.75164,0.014724,5.1095,13.21,31.092,15.4
0.2021,0.62434,1.2389,2.7006,0.60763,0.010985,3.1932,10.544,43.542,13
0.36513,0.34486,1.696,2.2191,0.71371,0.011323,4.6017,12.684,29.584,0
0.13745,0.53799,1.2206,2.6612,0.63993,0.0091428,5.1064,5.0627,21.102,11
0.12565,0.3208,1.6003,2.8685,0.67331,0.012855,4.68,14.929,23.689,9.9
0.39052,0.67231,1.5243,2.2298,0.61269,0.01599,6.5427,7.2109,36.02,0
0.098427,0.53401,1.788,3.4168,0.57673,0.01311,6.1863,6.2815,41.612,15.3
0.24511,0.36561,1.3115,4.173,0.66002,0.012109,4.6179,10.689,20.361,11.3
0.27113,0.76149,1.4818,3.1587,0.72062,0.010004,3.3831,9.4841,31.618,13.7
0.34467,0.61942,1.5331,2.7923,0.59139,0.011816,5.1779,14.781,43.149,17.4
0.17323,0.71755,1.5602,3.8058,0.72846,0.014516,5.6719,5.0483,29.234,13.9
0.22445,0.57992,1.1468,3.8694,0.64062,0.0093779,3.6699,8.9351,31.419,12.1
0.18276,0.7144,1.6072,2.7647,0.5887,0.014372,6.2536,8.4528,21.395,12.8
0.21814,0.47652,1.5355,4.6586,0.75967,0.011677,3.9404,14.954,36.978,12.4
0.42396,0.58185,1.6487,3.3211,0.56557,0.013151,6.6465,11.561,21.529,14.9
0.11122,0.65339,1.4958,3.3264,0.61766,0.010305,7.7267,9.0106,23.459,12.4
0.26655,0.21831,1.5485,3.3631,0.71219,0.010139,5.3305,10.966,22.113,13
0.24886,0.66614,1.1338,4.2739,0.72615,0.012592,3.0141,8.5971,44.306,13.9
0.10786,0.66486,1.361,3.018,0.66868,0.011851,7.5915,8.599,22.793,12.1
0.15203,0.29341,1.8131,4.0622,0.69187,0.013649,5.7264,7.8895,22.413,13.2
0.38249,0.38901,1.5988,3.5796,0.69164,0.010827,4.4127,11.941,44.317,0
0.16302,0.7124,1.9013,4.6866,0.71046,0.010814,7.7257,13.501,41.039,15.5
0.36086,0.48425,1.8512,4.9609,0.56485,0.014104,5.3216,10.942,44.592,0
0.3888,0.78602,1.3449,3.0054,0.62328,0.011355,5.7305,7.8821,42.876,0
0.31827,0.67129,1.183,2.596,0.57115,0.013329,5.9397,8.7804,20.545,12.8
0.1137,0.50406,1.7872,4.4594,0.74686,0.014566,5.2613,8.474,23.301,12.9
0.27449,0.32457,1.118,4.4763,0.65145,0.014081,3.5236,9.4214,33.915,13.1
0.39223,0.74716,1.3513,3.2904,0.58045,0.013603,4.084,13.694,29.815,12.7
0.23155,0.30905,1.0674,4.527,0.72037,0.012244,7.2521,11.286,24.492,11.8
0.062028,0.27787,1.3156,4.3679,0.7146,0.01004,6.969,6.6835,37.908,13.9
0.081423,0.43632,1.8158,3.7632,0.74947,0.011217,5.8808,6.9323,29.787,13.8
0.4495,0.40621,1.9086,4.2663,0.56595,0.012369,6.3745,9.0548,23.832,0
0.27447,0.7696,1.9593,5.1431,0.7272,0.013579,7.3359,13.668,39.028,17.4
0.11611,0.24768,1.5089,2.4524,0.64757,0.011184,4.8858,14.986,41.717,11.6
0.42916,0.35258,1.0485,4.6688,0.69775,0.013172,4.0637,10.382,21.374,12.1
0.22242,0.31444,1.3278,4.9863,0.72947,0.010799,4.876,12.365,39.536,13.5
0.054655,0.33302,1.0671,4.2903,0.73519,0.010942,6.454,6.4201,29.349,0
0.38435,0.61745,1.6949,4.7334,0.61892,0.013557,4.4831,14.477,39.5,17
0.38001,0.64171,1.7937,3.3888,0.58612,0.010117,7.0732,5.3355,33.58,0
0.3794,0.76904,1.4603,2.3818,0.66448,0.010371,4.4836,14.787,24.113,0
0.36094,0.40483,1.4741,2.474,0.57204,0.015032,3.3444,13.858,29.826,11.8
0.22602,0.41044,1.0324,4.35,0.6307,0.013487,6.8479,11.801,32.127,12.6
0.37485,0.2456,1.0283,3.4738,0.5887,0.014656,2.9988,5.9922,30.522,15
0.14405,0.77378,1.3715,3.6473,0.6135,0.013034,5.5902,14.819,36.499,11.5
0.3885,0.25229,1.4229,2.2975,0.68043,0.01412,6.4031,5.6403,36.893,0
