chord,span,airfoil mass,total mass,X_theta,Ia,dhh,dah,daa,Vcr
0.25715,0.30691,1.822,2.32,0.58583,0.015523,4.3945,14.471,37.088,13.9
0.31966,0.42602,1.8681,3.8489,0.62067,0.014945,6.9128,14.736,44.436,19.3
0.29131,0.20896,1.2569,3.1035,0.60546,0.014058,6.2357,14.326,33.58,13.6
0.22674,0.58414,1.2202,2.3218,0.60209,0.015049,3.5442,14.68,30.072,9.9
0.12295,0.5377,1.4124,4.5385,0.57541,0.0091907,7.1993,6.2368,43.796,15.2
0.29487,0.35811,1.6965,3.7526,0.6858,0.013345,6.5906,5.4818,40.126,19.2
0.20778,0.29901,1.8973,4.8503,0.72901,0.013179,5.0787,10.6,33.577,14.8
0.33739,0.42367,1.2402,4.1797,0.56734,0.011699,6.9053,8.4648,34.13,18.1
0.1773,0.79585,1.0273,2.9909,0.66047,0.011588,4.0997,8.8938,40.087,12.1
0.36385,0.59325,1.3574,3.1903,0.57054,0.01504,3.3593,11.876,34.32,14.7
0.22238,0.49171,1.6785,2.7829,0.63366,0.014319,3.515,11.421,38.869,14
0.30848,0.60105,1.5923,4.3943,0.65282,0.010005,4.5836,13.508,36.425,14.8
0.20558,0.75021,1.5276,2.65,0.6986,0.014484,7.2223,9.6029,22.204,13.2
0.10425,0.54279,1.6235,4.2648,0.64315,0.0099711,4.5405,12.154,25.291,11
0.34352,0.43361,1.0211,4.1258,0.68687,0.014029,6.9981,11.839,26.905,13.2
0.31178,0.65887,1.292,4.6288,0.57554,0.015362,7.9784,9.218,26.628,15.5
0.15399,0.40407,1.7886,4.0828,0.70945,0.015322,7.9899,14.802,31.88,13.7
0.24109,0.24117,1.3047,4.9426,0.69723,0.011005,5.1595,8.7041,32.487,13.8
0.11304,0.46855,1.9147,2.4396,0.63442,0.0093676,7.1018,13.081,41.056,14.3
0.31481,0.77662,1.5978,4.8085,0.57049,0.0091623,4.0161,10.807,39.261,17.2
0.39884,0.24852,1.85,4.9646,0.66752,0.0093686,7.424,6.6285,39.874,0
0.17292,0.59149,1.8743,2.6094,0.73387,0.015036,6.7276,11.705,43.272,15.9
0.20721,0.46644,1.2174,4.564,0.73401,0.014084,3.6353,5.9757,22.322,11.6
0.12806,0.46548,1.3185,4.106,0.70826,0.01133,7.0758,7.5596,35.322,13.3
0.39262,0.30744,1.5045,4.3078,0.60616,0.014655,5.8845,14.815,42.188,19.1
0.35554,0.72996,1.3262,4.3427,0.65264,0.01418,5.7962,9.1457,21.491,13.7
0.25015,0.50941,1.5176,3.6922,0.64447,0.013585,6.5944,11.69,32.321,14.6
0.088448,0.686,1.3954,3.2896,0.62297,0.011869,5.5669,7.8574,31.852,12.5
0.061441,0.28327,1.1188,3.7063,0.74778,0.011497,7.701,8.0762,25.603,13.2
0.093525,0.56261,1.5555,3.9875,0.71854,0.0091465,7.9337,5.8988,42.492,14.9
0.14524,0.68556,1.6151,3.0109,0.69018,0.015208,4.8943,13.716,42.803,13.1
0.41444,0.7283,1.216,2.2159,0.5784,0.014036,4.5319,7.1607,22.909,14.8
0.19532,0.39969,1.6088,2.206,0.57771,0.012885,7.8307,12.674,28.694,13.5
0.4172,0.76822,1.3323,2.9311,0.64974,0.014181,3.4757,12.849,26.747,12.5
0.10145,0.76949,1.8187,2.5528,0.70622,0.010674,3.5482,7.3379,40.416,13.3
0.1288,0.72697,1.7603,4.7993,0.56539,0.010661,5.0406,9.1455,25.919,12.3
0.40038,0.25345,1.6658,2.916,0.58246,0.01322,7.8357,12.488,22.783,15.3
0.12026,0.3941,1.0869,4.4687,0.66306,0.010171,5.8934,7.1666,23.87,10.9
0.2897,0.37491,1.4848,2.7756,0.57981,0.011145,4.0035,13.5,37.433,14
0.18888,0.59637,1.3844,3.8072,0.58805,0.013642,5.3404,9.4148,39.464,14.3
0.093705,0.61685,1.0606,3.9185,0.63483,0.011514,6.5772,12.009,39.854,11.7
0.28398,0.47302,1.1889,2.6702,0.73549,0.011996,5.0503,10.034,33.85,14
0.22048,0.67621,1.4182,2.8312,0.6902,0.015516,3.9908,12.969,29.752,11.9
0.25074,0.74801,1.4055,4.0923,0.64013,0.010258,7.3218,13.922,32.707,14
0.14134,0.75647,1.2007,4.1882,0.65406,0.014898,3.1173,9.5439,30.453,10.8
0.068771,0.75558,1.9632,2.8831,0.63447,0.013617,4.5192,14.344,24.678,9.9
0.33496,0.26228,1.3123,4.5429,0.58889,0.011202,6.8218,8.0261,35.917,18.6
0.34072,0.62632,1.665,3.2067,0.70948,0.01445,6.3757,6.8807,27.606,16.8
0.17559,0.79895,1.7858,4.2747,0.72684,0.01156,7.1384,12.697,36.161,14.7
0.06236,0.79972,1.7768,3.1557,0.56856,0.012234,5.8543,10.302,26.362,13.2
0.37387,0.65297,1.7083,4.6364,0.62661,0.01242,7.895,14.48,23.793,14.2
0.44786,0.5762,1.0821,3.5107,0.62121,0.012141,4.3518,7.4182,43.9,0
0.3861,0.72927,1.9267,5.0332,0.5725,0.015354,7.3329,5.1405,26.004,19.9
0.42199,0.47611,1.4477,2.3879,0.66058,0.011665,4.7358,5.0957,39.223,0
0.4383,0.41934,1.4348,4.786,0.57812,0.015711,5.6093,8.3072,32.255,19.7
0.33366,0.31456,1.5625,4.0263,0.59042,0.015668,4.0397,13.794,25.791,11.4
0.23347,0.74283,1.5865,2.2928,0.61548,0.01076,4.0643,11.791,33.813,13.3
0.13111,0.79167,1.0285,4.1251,0.57945,0.011679,4.6117,5.9259,26.748,10.9
0.40913,0.60622,1.4982,3.5556,0.67016,0.011315,3.9226,6.1815,34.627,0
0.19574,0.2452,1.3306,3.9557,0.66037,0.014469,7.107,14.002,34.22,12.9
0.065999,0.77449,1.8994,2.6303,0.69323,0.0094037,7.3303,10.713,27.754,13.5
0.091349,0.23192,1.9701,2.4558,0.69118,0.011596,5.7824,13.524,39.881,13.5
0.3393,0.54275,1.3851,4.8049,0.70931,0.0094733,3.1962,13.547,34.654,13.2
0.3144,0.55279,1.2576,4.2148,0.73905,0.011668,4.5617,6.6075,36.753,15.8
0.26269,0.68656,1.5149,2.7391,0.7157,0.015335,5.8085,11.028,35.478,15.1
0.31021,0.27918,1.2515,4.2459,0.63625,0.012915,3.9768,12.878,35.492,13.4
0.14186,0.25349,1.9819,4.1147,0.70512,0.013303,7.8716,7.5371,27.007,14.9
0.27008,0.77345,1.2518,3.7879,0.67657,0.012386,5.3973,7.9456,24.52,13.1
0.1431,0.49301,1.6645,2.2994,0.7501,0.01212,5.142,12.506,26.107,12.3
0.34714,0.37077,1.0614,4.0116,0.63571,0.014731,3.2436,13.857,22.007,9.9
0.38451,0.61802,1.6033,3.7144,0.60956,0.01393,5.7236,13.846,23.344,12.8
0.39753,0.78853,1.37,2.7566,0.65677,0.012066,3.788,14.265,30.477,12.8
0.3137,0.45172,1.9355,4.3105,0.75051,0.015408,3.9034,11.715,22.393,14.1
0.44367,0.64621,1.2134,4.0255,0.62712,0.013428,5.5688,12.899,32.545,16.2
0.11581,0.50448,1.8228,3.4598,0.59154,0.013724,4.3732,8.7779,29.9,12.7
0.10285,0.77974,1.9612,2.2153,0.66187,0.010366,7.2551,13.559,34.337,13.6
0.17678,0.43205,1.7648,4.2146,0.58506,0.013339,6.4283,12.633,25.658,12.5
0.13972,0.20901,1.5853,4.3716,0.73291,0.0095519,5.153,13.078,32.719,12.1
0.212,0.47942,1.3686,3.8594,0.67047,0.010278,6.3545,11.454,40.388,14.7
0.15599,0.6795,1.3114,4.3192,0.74265,0.013925,3.4245,10.108,39.385,12.1
0.2513,0.23512,1.668,3.4023,0.56021,0.01372,5.2969,14.607,29.645,12.2
0.15407,0.32485,1.6347,3.2363,0.58707,0.010517,6.0205,9.468,31.991,13.5
0.4048,0.20756,1.5785,2.3726,0.61849,0.012409,3.8711,9.9905,35.526,0
0.34279,0.79271,1.402,4.827,0.59807,0.013668,5.4369,9.7288,29.601,15.6
0.10898,0.69033,1.1103,4.6199,0.72408,0.010877,3.474,10.6,40.769,10.8
0.32079,0.35311,1.2735,3.0037,0.70526,0.01425,4.7493,14.567,43.77,15.2
0.28997,0.62996,1.8968,2.516,0.64697,0.01491,6.1385,13.232,21.81,13.8
0.44191,0.63185,1.9665,3.2172,0.67959,0.012383,7.1437,5.744,31.587,0
0.13337,0.61927,1.7319,2.4147,0.63976,0.015458,5.1723,7.4032,25.701,13
0.15855,0.68604,1.4439,4.9037,0.64905,0.011899,5.9419,9.469,21.806,11.8
0.22934,0.74463,1.5012,2.6717,0.59848,0.012699,7.561,5.388,24.075,14.7
0.11234,0.49304,1.381,4.4863,0.58819,0.013692,5.8655,13.22,35.162,11.7
0.34231,0.64626,1.6193,2.9175,0.58897,0.012399,4.9139,5.5064,20.81,15.1
0.30247,0.38566,1.1877,4.4709,0.68216,0.01404,5.9603,12.258,42.7,16.2
0.10083,0.65601,1.0886,4.2214,0.74182,0.010079,7.6861,14.445,30.892,11
0.14836,0.24287,1.8537,3.9575,0.67516,0.011464,7.3131,5.7074,25.006,14.4
0.41331,0.31557,1.1311,4.4984,0.70273,0.012283,4.7761,6.3809,22.783,14.4
0.24305,0.75554,1.2262,2.4417,0.66141,0.011107,6.8648,5.1037,26.258,13.9
0.31608,0.31763,1.9936,4.4418,0.62569,0.012789,5.3817,7.1977,39.818,0
0.30529,0.65874,1.7398,2.5548,0.69681,0.014231,4.7804,6.9362,34.34,16.9
0.15494,0.43504,1.321,2.9837,0.56094,0.01119,6.2955,10.099,41.933,14.1
0.080444,0.77864,1.1329,3.9641,0.63573,0.011787,6.9313,10.413,31.315,12.1
0.055692,0.39095,1.273,3.379,0.606,0.013784,4.8125,6.9566,22.994,0
0.31069,0.38724,1.0703,4.1232,0.72978,0.0097093,4.7018,7.1463,22.26,12.5
0.15105,0.32421,1.6161,4.8488,0.70328,0.015057,7.1812,5.2257,28.261,14.2
0.072501,0.60359,1.2381,3.5981,0.57102,0.014883,5.9894,7.8245,44.106,14.3
0.085094,0.22814,1.6176,5.0788,0.58527,0.0116,4.3583,6.3212,29.63,12.6
0.17528,0.71277,1.7932,4.0445,0.67042,0.010655,4.1761,8.0879,25.571,13
0.11437,0.73428,1.7762,4.8116,0.7201,0.0095839,3.805,5.2917,28.04,12.7
0.13188,0.51644,1.0339,2.646,0.68078,0.013054,5.6918,14.592,35.752,10.6
0.29004,0.22877,1.2257,3.2481,0.70719,0.012696,6.5382,9.9864,39.832,16.2
0.1327,0.76511,1.6564,2.9033,0.6159,0.0096614,6.3917,14.341,34.301,12.3
0.41429,0.58275,1.9721,4.0854,0.72016,0.015156,7.7739,8.1358,35.091,0
0.15969,0.24383,1.1452,3.1498,0.67042,0.010244,5.7695,11.677,33.574,11.6
0.40122,0.24863,1.0272,4.1449,0.59412,0.012405,5.9263,8.1701,28.935,16.3
0.43915,0.26932,1.8954,4.7068,0.58432,0.010065,6.7516,6.7973,34.889,0
0.23374,0.66824,1.7679,3.8531,0.73395,0.010548,7.0377,6.4723,34.349,16.7
0.2035,0.59036,1.5472,3.322,0.59055,0.010588,4.5638,6.1188,28.717,13.7
0.19936,0.37275,1.9372,5.1225,0.74297,0.010861,3.3393,8.3939,42.09,15.3
0.053248,0.28842,1.2885,2.5713,0.5682,0.015315,7.8149,9.2729,23.839,0
0.44577,0.61915,1.6842,3.3625,0.75818,0.01537,3.7206,9.3719,30.168,0
0.42585,0.43625,1.7988,2.1814,0.66424,0.01398,4.101,7.9174,40.069,0
0.40776,0.68697,1.6586,5.135,0.69465,0.010416,3.7128,7.0423,22.458,0
0.29933,0.60777,1.3198,2.7202,0.74264,0.0098149,7.8637,7.0977,42.889,18.4
0.31763,0.33472,1.1511,4.3256,0.57966,0.012923,5.621,7.2212,36.655,17.3
0.23086,0.49422,1.4678,4.4949,0.63252,0.014008,3.7766,10.016,24.895,12
0.12325,0.60631,1.8971,3.9801,0.61197,0.013077,5.3748,13.713,36.875,12.8
0.29297,0.72814,1.8057,3.9704,0.59701,0.015522,6.2889,11.971,40.084,18.2
0.20187,0.34991,1.3285,5.108,0.60905,0.011749,3.1224,12.785,31.091,10.5
0.096762,0.79825,1.679,3.4996,0.59055,0.011179,5.6594,9.3454,42.265,13.9
0.11096,0.50482,1.7253,4.3555,0.72135,0.013844,5.7002,6.3454,31.119,13.7
0.24664,0.61932,1.5274,2.8508,0.65525,0.0093051,7.0575,7.0282,33.059,16.1
0.34136,0.23495,1.421,2.412,0.66271,0.012962,4.4582,13.716,38.384,15.1
0.31536,0.77721,1.8879,4.9586,0.70254,0.0095831,4.262,8.5108,42.395,18.6
0.33757,0.35655,1.1282,4.4508,0.72096,0.010848,6.9899,9.3253,42.184,17.9
0.36138,0.35891,1.2091,3.3012,0.71985,0.0107,6.8844,7.8181,32.926,16.7
0.15558,0.57128,1.4159,3.1287,0.6201,0.012243,7.1018,9.5231,43.924,15.1
0.22938,0.24151,1.1911,3.8448,0.74942,0.013305,7.0586,10.676,33.426,13.7
0.053605,0.37326,1.655,4.7887,0.70258,0.014138,6.7593,5.6561,39.441,0
0.056653,0.4097,1.6679,3.921,0.71872,0.0095609,3.3694,10.024,24.353,0
0.085339,0.32736,1.5524,2.4394,0.57522,0.015579,5.5305,14.864,37.958,11.9
0.33526,0.37635,1.9451,3.3905,0.57989,0.0092816,4.9655,11.009,20.255,0
0.17018,0.40849,1.6882,3.1837,0.58537,0.012731,7.5112,7.8573,33.17,15.4
0.36792,0.38273,1.0146,4.4082,0.61696,0.015496,3.0189,9.7483,23.423,11.5
0.16428,0.52289,1.3375,4.6144,0.66466,0.010303,7.3923,5.5861,33.417,14.1
0.30259,0.72829,1.7542,3.2953,0.72938,0.012455,3.6495,9.6401,22.863,14
0.16507,0.44309,1.0701,3.3455,0.71299,0.015544,7.6836,8.1311,36.172,13.3
0.41767,0.58764,1.1835,4.7233,0.75567,0.011274,4.2621,10.716,38.304,16.6
0.30173,0.2165,1.2958,2.5361,0.58874,0.01413,5.2956,10.366,27.209,13.6
0.38614,0.2951,1.0229,3.9714,0.68969,0.012423,7.9563,10.161,29.553,15.7
0.26844,0.2444,1.8329,2.935,0.59404,0.0123,4.1484,8.0779,32.424,15.8
0.38738,0.69428,1.0571,2.6042,0.61137,0.015227,4.2321,8.758,27.695,14.2
0.22027,0.27633,1.7771,2.7977,0.71819,0.014969,3.0154,13.263,27.068,12.3
0.093989,0.4512,1.1605,2.3399,0.71309,0.015026,6.9501,8.0018,41.57,13.2
0.3429,0.23653,1.6673,2.3911,0.5794,0.012614,6.6493,7.8721,44.602,0
0.28178,0.76241,1.2386,4.708,0.65036,0.0094369,3.3689,12.904,22.663,10
0.44582,0.49959,1.7409,3.2314,0.57462,0.014765,4.1997,5.5949,21.443,0
0.33365,0.45642,1.6982,4.6943,0.63541,0.01273,6.7246,9.0266,39.123,19.8
0.23691,0.72932,1.2751,4.314,0.58665,0.011403,5.5984,8.3374,37.349,15.3
0.39363,0.74813,1.8704,4.4845,0.70946,0.013929,5.9828,11.822,27.472,0
0.26618,0.75596,1.7055,4.4871,0.67532,0.01574,3.1435,10.315,26.675,13.1
0.12719,0.30432,1.1839,3.0609,0.63551,0.01344,4.8901,9.6691,38.873,12
0.15224,0.60895,1.0406,3.5356,0.7194,0.01296,6.0272,12.549,36.837,11.5
0.34266,0.41717,1.8953,5.0885,0.56226,0.012817,6.5346,14.32,20.832,12.1
0.41602,0.54684,1.1404,3.1002,0.60958,0.0093311,3.9831,8.0114,44.719,0
0.43936,0.50011,1.5895,4.3702,0.7591,0.015664,3.0131,13.933,26.077,0
0.084752,0.73852,1.8991,2.9538,0.70913,0.011789,6.4303,5.0534,40.991,15.4
0.36667,0.36453,1.8475,3.0788,0.58848,0.013879,4.0264,6.903,29.303,17.4
0.33597,0.45471,1.2988,4.2061,0.62702,0.015637,3.5635,14.163,43.028,15
0.055515,0.22017,1.5314,4.3863,0.69869,0.012824,4.6154,10.819,42.414,0
0.40606,0.38231,1.2644,4.1762,0.62159,0.013442,5.7916,6.0271,29.516,17.7
0.27705,0.2301,1.48,2.2432,0.64796,0.010696,7.0472,9.4232,42.175,17.9
0.091734,0.76214,1.3735,2.6578,0.56296,0.011564,5.1397,9.2956,20.408,10.9
0.17302,0.36217,1.8672,4.3275,0.60599,0.011197,7.885,14.445,39.306,15.2
0.38246,0.23345,1.1423,3.6862,0.69486,0.010231,4.9408,14.215,44.038,16.9
0.35403,0.2438,1.423,2.7071,0.61201,0.011917,4.153,6.7407,30.847,16.3
0.14001,0.76844,1.3775,3.2513,0.75823,0.011281,7.4516,8.7296,20.04,12
0.35437,0.456,1.1302,4.7293,0.65411,0.0090909,7.685,8.8037,41.662,19.7
0.39915,0.213,1.8739,4.7842,0.58144,0.015715,5.0634,14.202,33.375,16.4
0.14941,0.66914,1.6009,2.7842,0.63526,0.0094576,7.9274,10.193,43.624,15.7
0.13679,0.61204,1.4665,2.9408,0.72737,0.011039,3.5703,8.8553,25.299,11.5
0.25343,0.51203,1.919,5.0089,0.75006,0.012475,5.8722,14.931,34.204,14.7
0.29561,0.29001,1.3071,4.3518,0.67282,0.01002,5.7478,11.282,37.068,15.5
0.31944,0.37633,1.1421,5.0633,0.67411,0.010434,4.309,5.9377,36.943,15.9
0.42659,0.29192,1.6673,4.5182,0.74024,0.012564,4.9081,12.548,31.314,0
0.27817,0.39406,1.2684,4.3659,0.56145,0.013538,4.0126,11.575,26.897,11.7
0.39344,0.43475,1.7252,3.0209,0.63835,0.010958,5.8187,8.7999,23.215,0
0.11103,0.62443,1.2677,4.6787,0.59414,0.01374,4.2052,11.504,28.336,10.6
0.23468,0.62391,1.3567,3.096,0.70817,0.014488,5.6681,7.1687,29.567,14
0.29052,0.6852,1.0951,4.4765,0.73469,0.014817,7.5756,9.1219,42.067,16.7
0.24106,0.21879,1.9578,3.832,0.61682,0.011794,4.5894,12.87,20.122,11.9
0.34393,0.56359,1.6659,4.6826,0.57687,0.013865,4.705,12.56,23.263,12.5
0.33838,0.21501,1.4046,4.7478,0.7243,0.011335,6.2503,8.9355,31.032,16
0.29046,0.79332,1.0746,3.2422,0.60121,0.011822,4.796,12.898,33.614,12.7
0.33389,0.51499,1.584,2.8343,0.69652,0.011339,6.4375,14.781,37.623,0
0.28959,0.30278,1.843,3.6433,0.61192,0.010428,7.5764,12.771,40.003,18.7
0.10147,0.40004,1.3391,2.8501,0.75932,0.010593,4.351,8.5142,29.163,11.5
0.26632,0.52927,1.1065,3.6294,0.63504,0.01274,6.7999,10.738,24.03,12.3
0.1286,0.21816,1.4912,2.5244,0.67073,0.011583,5.0589,8.0837,29.222,12.4
0.16667,0.72418,1.6431,4.4272,0.72374,0.01467,4.939,5.4723,20.583,12.8
0.39874,0.74359,1.3169,4.4561,0.68978,0.014761,7.2476,7.8028,22.842,15.6
0.29373,0.29371,1.0533,3.2999,0.74716,0.010423,5.1382,10.064,24.987,12.2
0.30102,0.21123,1.8178,3.1866,0.59543,0.010909,6.3792,9.506,42.41,0
0.16349,0.53482,1.2979,5.0084,0.71126,0.013032,5.17,13.131,35.526,11.9
0.19468,0.23515,1.7488,5.1704,0.67686,0.010432,6.8229,14.97,28.095,12.6
0.34624,0.65079,1.7352,4.1968,0.75806,0.012079,6.51,13.723,21.585,0
0.12451,0.20333,1.8651,3.8547,0.57789,0.011968,3.2449,7.0438,23.589,11.9
0.23424,0.68073,1.1117,3.3239,0.72862,0.012035,7.9463,8.6638,39.256,15.1
0.31748,0.28414,1.0966,5.0955,0.58967,0.011493,3.8409,12.764,38.82,14.2
0.13033,0.73193,1.4401,3.4895,0.69677,0.0097815,5.7591,14.731,35.061,11.5
0.31158,0.60116,1.4341,3.7033,0.606,0.01286,5.9414,13.159,40.378,16.9
0.13599,0.62124,1.8802,2.969,0.72846,0.014635,4.8191,12.35,34.202,13.3
0.17679,0.396,1.3972,2.4772,0.61424,0.0092141,6.2995,14.095,29.371,11.5
0.15313,0.72537,1.7462,2.9729,0.63268,0.014422,7.2411,11.712,26.895,13.3
0.1359,0.52157,1.6382,2.2934,0.74747,0.014388,4.9581,11.407,34.093,13
0.19072,0.32896,1.9961,4.2871,0.66505,0.011898,4.0378,13.083,30.073,12.8
0.091158,0.72399,1.6159,4.0449,0.6194,0.013788,5.1139,12.339,35.804,12.3
0.41593,0.35948,1.0082,4.3569,0.72195,0.011636,4.5883,13.963,31.671,12.8
0.41882,0.60338,1.1247,3.5402,0.62744,0.014635,5.6209,6.0062,31.344,17.9
0.43474,0.46836,1.1586,3.9229,0.75092,0.01493,3.4213,13.604,43.548,16.4
0.44652,0.68633,1.248,2.9723,0.5811,0.011028,3.7967,12.377,31.048,14.7
0.34661,0.7995,1.8247,3.9039,0.65853,0.010636,3.7587,12.212,34.994,0
0.25566,0.70494,1.2837,3.6762,0.58137,0.011295,6.2736,13.798,39.033,14.7
0.37474,0.48699,1.2848,3.5337,0.61747,0.011502,6.0556,9.1753,43.014,0
0.17843,0.65061,1.2054,3.0843,0.61373,0.013852,3.8243,10.346,25.013,10.6
0.11287,0.65417,1.9147,2.8326,0.59374,0.014594,6.047,12.765,33.827,13.2
0.16745,0.55436,1.1637,3.2876,0.7404,0.011873,7.1405,14.764,34.006,11.8
0.32353,0.52747,1.7491,4.1034,0.58918,0.014866,3.6406,11.896,43.488,17.7
0.23214,0.26683,1.0616,4.5019,0.56054,0.013247,4.7745,8.9759,29.895,12.4
0.21774,0.69622,1.7261,4.889,0.71653,0.011288,3.9983,11.58,22.703,12.3
0.40439,0.55238,1.7813,3.9632,0.5949,0.0095632,7.1338,6.5647,21.517,0
0.28595,0.47934,1.4624,4.9013,0.59189,0.014558,6.3537,14.22,34.024,14.5
0.13056,0.35306,1.6222,3.3013,0.63179,0.0092006,6.8269,7.4038,36.628,14.4
0.3494,0.63706,1.8143,4.3935,0.6889,0.009693,7.987,9.211,21.88,0
0.3465,0.79983,1.549,3.9527,0.59088,0.013457,5.7204,7.8741,36.423,19.1
0.44769,0.50593,1.2052,4.0706,0.69662,0.012186,3.4122,14.935,20.964,9.9
0.34653,0.55216,1.9566,3.3729,0.66273,0.014553,4.9671,6.6366,34.216,0
0.28887,0.69251,1.9934,3.2011,0.56012,0.0094413,5.3198,14.902,20.969,11.1
0.19663,0.30202,1.8667,4.0879,0.73741,0.014354,5.4164,5.7147,32.927,15.5
0.21247,0.54902,1.9664,5.061,0.75968,0.012595,6.6,6.4883,24.651,15.2
0.14508,0.75177,1.0817,4.261,0.59774,0.014719,4.6119,13.034,40.378,11.2
0.17682,0.32197,1.1615,4.9074,0.70146,0.0098447,6.1919,6.5195,22.018,11.6
0.34791,0.31575,1.0007,2.2382,0.64044,0.013138,3.2257,5.0617,34.389,15.3
0.19022,0.29738,1.6232,3.8264,0.72988,0.01181,3.2601,15.011,21.061,10.1
0.10039,0.47487,1.8023,3.3845,0.71096,0.011379,4.7097,11.151,43.495,13.4
0.12086,0.27054,1.4587,5.1025,0.7187,0.010099,6.9401,12.202,27.62,12
0.10743,0.79574,1.7731,3.713,0.63564,0.010864,5.9741,6.1089,37.066,14.4
0.1325,0.73303,1.6186,2.2803,0.72988,0.0099794,4.1436,8.786,25.057,12.1
0.31695,0.27516,1.8374,4.2817,0.61882,0.014271,7.1682,7.7465,33.099,18.9
0.053997,0.64536,1.9675,5.1016,0.6927,0.011938,3.0324,8.6594,37.221,0
0.21185,0.34211,1.9567,2.9129,0.56761,0.010843,7.0254,12.996,23.151,13.1
0.10133,0.23913,1.83,3.9331,0.62786,0.014304,6.3806,7.7339,35.322,14.5
0.24048,0.32047,1.5885,4.7529,0.70792,0.014939,5.5629,8.441,24.51,13.8
0.082732,0.47784,1.0913,3.9419,0.72807,0.0092839,4.9142,10.329,36.189,11.1
0.093702,0.65464,1.3941,2.2792,0.57251,0.0090699,5.8695,12.643,22.157,10.1
0.075164,0.58408,1.9049,3.4034,0.71634,0.012542,4.302,8.822,31.794,13.3
0.33791,0.54768,1.4676,2.9496,0.68867,0.0092681,3.2932,12.427,20.526,0
0.30964,0.73283,1.8998,3.0555,0.72256,0.012972,7.6552,13.015,26.897,0
0.44938,0.63606,1.2866,3.948,0.70982,0.012152,3.1955,14.587,32.058,12.6
0.083282,0.23193,1.6309,3.0879,0.70805,0.012941,6.5523,11.487,27.651,12.7
0.26743,0.6785,1.6781,5.095,0.69205,0.010726,5.244,7.5494,38.992,17.1
0.25888,0.26517,1.6863,4.161,0.74115,0.012429,5.3067,11.664,43.418,16.5
0.18075,0.21393,1.7731,2.4279,0.66713,0.014589,5.7276,13.058,27.869,12.9
0.2086,0.4824,1.264,4.5053,0.65882,0.013388,5.5512,13.475,40.005,13.2
0.24827,0.72028,1.4971,5.0587,0.57457,0.011642,5.9446,7.1885,36.891,16.9
0.31684,0.65294,1.7812,4.0208,0.72198,0.011031,4.291,5.6325,38.028,17.9
0.22842,0.27433,1.7085,5.1191,0.64783,0.010202,3.0298,7.802,31.16,13.7
0.066127,0.23424,1.0439,4.1394,0.56629,0.015029,3.9705,7.3399,22.322,12.6
0.4162,0.29771,1.3534,2.4176,0.67932,0.011704,5.3457,14.897,24.074,0
0.4279,0.47723,1.9421,3.1648,0.73779,0.0092226,6.5508,13.591,27.208,0
0.29819,0.78817,1.5076,4.6081,0.69782,0.0092565,3.5534,14.9,26.47,10.9
0.078706,0.20956,1.4993,2.8118,0.72054,0.012986,4.6391,10.192,30.315,12.1
0.2672,0.78168,1.0748,2.3149,0.61501,0.01332,4.976,12.098,29.667,12
0.10024,0.4136,1.838,4.3303,0.67333,0.010958,5.9167,8.9215,24.31,12.9
0.059699,0.74876,1.8462,4.7856,0.71047,0.013285,3.9951,7.6009,20.22,10.5
0.18572,0.64963,1.2816,2.1849,0.5661,0.01384,4.351,6.0167,29.517,12.7
0.30334,0.40461,1.6309,4.1327,0.74333,0.014027,3.5547,11.88,25.926,13.3
0.40128,0.57775,1.0565,4.2723,0.6461,0.010642,6.3086,10.944,38.869,18.5
0.18079,0.6395,1.0294,2.499,0.73567,0.011299,7.8977,10.952,26.468,11.6
0.19092,0.49244,1.2767,4.5795,0.61318,0.010332,6.7062,11.825,37.502,13.7
0.11559,0.43117,1.6354,2.6323,0.59265,0.014679,7.1043,13.806,22.954,11.3
0.30647,0.53746,1.857,4.4163,0.56617,0.014975,5.3337,9.8888,32.875,17.2
0.20538,0.43058,1.2048,2.4996,0.70301,0.0091562,7.9784,5.7892,29.788,13.9
0.18282,0.59219,1.4933,2.2433,0.56815,0.011828,5.3357,14.568,27.204,10.7
0.31335,0.60029,1.01,4.3216,0.65435,0.0096166,5.2633,8.7255,43.621,17
0.14834,0.67603,1.9038,4.8956,0.60512,0.011339,3.0743,9.2057,40.386,13.5
0.38642,0.25043,1.9698,2.6267,0.7152,0.012517,6.6159,12.845,43.783,0
0.29344,0.38258,1.8954,3.2467,0.58369,0.011528,5.1731,12.095,42.342,18.2
0.093951,0.72337,1.0873,2.8204,0.56151,0.011764,6.36,12.926,32.96,11
0.27221,0.49612,1.9353,4.8486,0.67671,0.012602,4.7421,6.72,36.161,17.3
0.11034,0.27945,1.1039,4.6352,0.58139,0.011523,6.7791,13.71,21.898,10
0.27664,0.40757,1.1715,4.6566,0.67848,0.014706,4.6973,14.049,22.889,10.3
0.28661,0.58721,1.0605,4.6131,0.75172,0.014311,5.4495,10.96,29.3,12.7
0.10922,0.3751,1.6369,3.5212,0.73338,0.013856,6.0089,8.9358,31.777,13.3
0.16558,0.78473,1.0812,3.4573,0.57631,0.01497,7.4095,7.2925,31.952,13.2
0.30545,0.44372,1.091,4.2775,0.71676,0.013795,6.4875,8.3377,36.813,15.7
0.37835,0.73053,1.7827,3.572,0.71761,0.010919,3.3269,14.874,31.625,0
0.10973,0.42362,1.4035,3.8493,0.71896,0.010864,4.8058,6.2355,32.909,12.3
0.36808,0.742,1.1405,2.853,0.62133,0.012526,4.0928,8.7656,29.528,14.5
0.34445,0.68626,1.7512,2.7811,0.5704,0.015799,3.044,10.144,23.616,13.4
0.265,0.7373,1.4539,2.6793,0.63517,0.010873,7.9203,14.02,35.746,15.2
0.17413,0.53536,1.7742,2.4198,0.70556,0.012169,3.714,5.9086,42.404,15
0.23161,0.73323,1.4053,3.8273,0.57729,0.01444,3.6315,6.1746,34.107,14.3
0.43727,0.4542,1.4989,4.5326,0.6768,0.012289,5.3554,8.4245,35.675,19.6
0.10015,0.53462,1.9179,3.1853,0.62554,0.013036,6.4309,11.291,43.224,14.7
0.18255,0.45012,1.3358,2.8866,0.64004,0.015677,3.9561,11.112,23.844,10.9
0.15269,0.67976,1.2338,3.2831,0.62349,0.0152,3.1297,11.332,25.788,10.1
0.33519,0.24553,1.9703,3.3857,0.72614,0.011001,3.065,10.791,21.419,0
0.29179,0.57031,1.7827,3.8084,0.6548,0.011322,4.3923,13.534,25.263,12.7
0.10408,0.53767,1.6869,3.2612,0.69739,0.011412,7.1357,11.639,28.863,12.9
0.082646,0.5604,1.8972,5.0322,0.64619,0.015452,5.7911,14.384,19.993,11.8
0.22295,0.56313,1.7902,5.0933,0.72938,0.015984,6.2265,6.5946,20.674,14.2
0.42896,0.26251,1.5611,4.4692,0.66794,0.012304,6.5279,7.7827,31.726,19.4
0.39581,0.553,1.9867,4.9952,0.74945,0.012969,3.0511,8.1512,41.799,0
0.11686,0.71863,1.6608,2.501,0.75476,0.010431,5.7039,5.2208,34.448,13.8
0.22432,0.31507,1.9305,4.5963,0.69349,0.011107,3.2746,5.7317,36.779,15.6
0.26808,0.491,1.5643,4.5997,0.7191,0.0097854,5.4953,5.7277,41.653,17.5
0.40151,0.73471,1.637,4.2758,0.63952,0.01446,4.3851,6.2977,41.477,0
0.44582,0.59256,1.05,4.6585,0.74394,0.0096001,7.6212,13.909,26.047,13.6
0.20993,0.26256,1.9563,2.6979,0.66183,0.01196,6.1621,10.498,23.207,14
0.24807,0.50022,1.4275,3.9845,0.57752,0.010508,4.8018,7.3318,23.486,13.1
0.33716,0.37042,1.5674,2.4777,0.74918,0.011554,6.1653,14.689,33.338,0
0.063058,0.40041,1.0839,4.5374,0.64057,0.0099121,6.5331,11.645,26.949,11.9
0.24741,0.64512,1.4692,4.8351,0.63186,0.014314,3.3601,5.138,34.618,14.7
0.39281,0.54783,1.9533,3.1878,0.62333,0.01417,3.7342,14.988,26.784,0
0.11025,0.64821,1.1667,4.569,0.71275,0.0096078,7.9038,11.761,27.137,11.4
0.15777,0.50374,1.5721,2.7487,0.67848,0.012031,3.6256,6.6259,25.404,12.2
0.1676,0.66835,1.3238,3.8867,0.68487,0.011362,7.9756,12.173,35.13,13.4
0.19179,0.3162,1.2203,2.3558,0.71666,0.010219,4.0004,5.7018,39.65,13.4
0.13551,0.33654,1.7292,4.3114,0.6058,0.011796,5.9265,9.9809,43.906,14.9
0.40671,0.63427,1.0911,3.1201,0.59613,0.0097325,4.3919,14.95,30.957,11.3
0.1312,0.6447,1.9762,3.6865,0.75162,0.015469,5.5614,8.5527,35.864,14.8
0.15989,0.40367,1.7991,2.8871,0.59804,0.015113,3.0436,13.157,31.601,11.2
0.20853,0.44927,1.3052,3.6087,0.6209,0.011118,7.1412,10.007,35.417,14.5
0.31956,0.31867,1.4135,3.9578,0.63727,0.013272,3.0708,10.198,33.491,14.2
0.42503,0.76365,1.4176,3.0529,0.56122,0.011456,5.4968,5.8795,24.392,17.3
0.30693,0.75755,1.836,3.1924,0.56542,0.01061,6.2028,10.472,27.003,15.8
0.19569,0.55785,1.8324,4.3256,0.58646,0.010565,4.0738,7.603,42.231,16
0.34407,0.50618,1.4643,2.2599,0.64499,0.010832,4.8274,6.724,38.303,0
0.17595,0.59385,1.6628,3.751,0.67415,0.014428,7.6775,14.661,20.326,11.7
0.064914,0.77276,1.3735,3.9261,0.67519,0.011887,5.6391,8.7367,40.956,13.5
0.2812,0.27144,1.718,2.4358,0.61357,0.0096987,4.9767,11.534,43.572,17.4
0.14993,0.38627,1.613,4.2799,0.61753,0.01031,5.6325,7.8143,31.201,13.4
0.065754,0.76256,1.1181,3.7453,0.71653,0.011279,6.0844,5.7856,20.958,12.4
0.079774,0.71029,1.8101,3.1265,0.70455,0.014937,3.2981,11.664,40.554,12.6
0.091743,0.25624,1.5976,4.1064,0.57421,0.015697,3.5572,5.0731,35.749,13
0.39075,0.46768,1.8742,4.6309,0.59548,0.0097969,5.257,14.356,36.195,0
0.062171,0.79683,1.5715,4.6192,0.62316,0.0097888,3.2831,13.819,21.893,10.6
0.25202,0.30263,1.091,2.4214,0.6109,0.013137,4.3818,7.3616,25.123,12.1
0.17673,0.76451,1.3672,2.2818,0.6185,0.014946,5.3575,10.157,25.338,11.9
0.4195,0.29931,1.2861,2.1853,0.64725,0.011691,7.9502,7.6594,25.119,0
0.087909,0.28336,1.9295,4.6014,0.73418,0.015034,4.1116,11.904,27.475,12.7
0.35762,0.69772,1.7926,4.004,0.58867,0.015451,5.1057,6.3165,21.815,15.9
0.278,0.28285,1.1207,3.3135,0.75905,0.011456,7.5276,9.7259,26.589,13.4
0.15172,0.29576,1.5601,2.7547,0.57969,0.011102,4.1466,11.089,31.935,11.8
0.42158,0.45913,1.6113,2.4018,0.56503,0.0099354,3.7298,9.7911,30.251,0
0.36173,0.55357,1.2193,4.8382,0.74345,0.013513,4.9334,14.459,35.279,13.9
0.38877,0.30675,1.9126,2.661,0.58625,0.010935,4.7217,5.9143,24.781,0
0.18047,0.66284,1.9074,3.2282,0.63766,0.010111,7.2247,7.1609,19.992,13.9
0.43462,0.78568,1.7928,2.7277,0.58981,0.01081,6.071,14.474,31.322,0
0.1628,0.20707,1.1034,4.7779,0.58923,0.013908,6.2242,7.1111,29.57,12.3
0.36752,0.66376,1.7817,3.7028,0.61139,0.013199,5.8128,8.5746,24.007,16.2
0.25934,0.2929,1.9051,4.2748,0.74678,0.012684,4.3637,7.3359,27.77,15.2
0.19627,0.79673,1.153,4.6705,0.61475,0.015389,5.3485,14.891,22.162,9.9
0.29148,0.223,1.2939,3.6293,0.59373,0.013263,5.5132,12.886,23.503,11.5
0.1877,0.2872,1.4884,3.5829,0.72811,0.012728,7.0767,12.575,20.956,12.1
0.091747,0.37406,1.5447,2.5379,0.68113,0.013621,4.793,7.6955,42.203,13.4
0.20005,0.60462,1.3238,4.601,0.57784,0.011385,5.4941,6.3479,44.12,16.2
0.21343,0.78274,1.6371,3.5552,0.61031,0.010246,5.9351,6.6252,30.022,15
0.30527,0.62042,1.4479,2.999,0.57341,0.012634,5.7697,13.117,35.189,15.3
0.25291,0.52525,1.4537,2.9871,0.72584,0.01231,6.2078,10.997,23.379,13.1
0.14945,0.3973,1.0549,4.335,0.71829,0.015848,3.4859,12.021,23.375,9.9
0.17624,0.44773,1.0257,4.0304,0.66018,0.011414,3.029,11.909,28.731,9.9
0.44283,0.68993,1.4366,3.8912,0.75427,0.015545,5.6804,14.208,39.01,17.6
0.44147,0.45151,1.1847,4.8352,0.75472,0.014977,3.2306,7.0544,40.743,18.2
0.17935,0.73296,1.1321,5.0348,0.60621,0.0093778,5.9589,14.086,40.701,12.3
0.41985,0.44657,1.5624,4.1585,0.59164,0.015038,5.0258,13.049,24.56,13.3
0.44509,0.71597,1.8238,3.3901,0.57373,0.013275,7.9449,9.3964,23.945,0
0.40473,0.29822,1.0017,4.7664,0.75481,0.014051,6.5933,10.529,35.03,16.2
0.092424,0.61318,1.8256,4.5373,0.58005,0.015409,4.7999,8.2767,43.896,14.4
0.086328,0.65229,1.3757,2.4394,0.7559,0.01374,7.1342,14.656,35.761,12.3
0.061396,0.49745,1.1837,4.0164,0.63568,0.013431,7.2257,12.544,29.367,13.2
0.32521,0.2316,1.8051,4.3488,0.56713,0.012512,7.6305,7.51,43.008,0
0.11078,0.33791,1.8359,4.5206,0.69998,0.014935,3.6382,6.6447,25.022,12.7
0.26286,0.72649,1.5879,3.1509,0.69714,0.0095284,4.4259,10.957,24.31,13
0.13439,0.7349,1.878,2.73,0.62035,0.011445,3.875,6.829,39.516,14.2
0.32049,0.52373,1.6213,2.9601,0.62244,0.014976,3.2854,8.3936,43.542,18
0.1021,0.65386,1.0666,5.0173,0.69073,0.0097227,4.9913,10.732,35.78,10.8
0.15791,0.64406,1.3738,4.4922,0.70855,0.015608,3.479,8.2235,19.995,11.2
0.24917,0.78102,1.024,3.6731,0.64325,0.01479,6.5836,5.4497,39.094,15.6
0.12321,0.55763,1.5995,4.7153,0.73188,0.010072,6.6674,13.666,43.715,13.6
0.20329,0.25608,1.199,3.2559,0.74483,0.012074,4.8756,9.778,22.096,11.4
0.24116,0.66277,1.1498,3.084,0.75698,0.011773,6.3085,12.749,35.325,13.2
0.12118,0.21171,1.1978,3.8214,0.6221,0.010413,5.4872,11.122,40.175,11.9
0.29617,0.44337,1.4711,2.1952,0.64732,0.010123,5.336,13.194,33.657,14.3
0.066543,0.36788,1.0527,3.2281,0.58807,0.011519,4.0007,7.9426,38.722,11.9
0.36599,0.79649,1.8769,2.7934,0.60206,0.015598,6.3245,5.9281,32.206,0
0.11178,0.72532,1.8848,4.1511,0.5654,0.015706,6.2198,5.9301,27.03,14.2
0.35678,0.31754,1.0249,2.5685,0.6298,0.013827,3.468,10.022,23.279,11.6
0.30074,0.52632,1.6038,4.5869,0.66448,0.0097073,6.382,13.215,29.38,14.4
0.050029,0.20977,1.2595,5.0016,0.64017,0.01005,4.5148,6.6869,29.334,0
0.31569,0.639,1.135,2.9186,0.75528,0.013927,5.128,6.4681,31.443,14.6
0.2901,0.65248,1.1862,4.6422,0.60577,0.015341,7.7576,10.045,28.283,14.6
0.12781,0.24747,1.1636,4.0719,0.71168,0.012403,4.3271,11.245,40.98,11.5
0.12929,0.67219,1.5384,3.7004,0.67139,0.011233,5.0465,14.075,41.638,12.3
0.41901,0.53824,1.1863,4.2031,0.63146,0.010261,5.0573,13.04,26.262,12.7
0.316,0.30618,1.4321,2.4608,0.62019,0.014038,4.9077,9.414,20.207,13
0.11901,0.24992,1.6551,3.478,0.6885,0.012625,3.6481,9.3229,44.816,13.2
0.20226,0.70336,1.0487,2.7127,0.70064,0.011085,5.1062,10.368,39.271,12.7
0.14521,0.57536,1.718,2.8299,0.65786,0.015201,7.9879,12.896,24.051,12.8
0.30077,0.39583,1.5995,4.4191,0.73251,0.0094307,6.0265,9.1807,30.332,15.7
0.19921,0.34556,1.5076,5.1075,0.65158,0.015834,3.2079,10.552,41.864,13.5
0.16979,0.23777,1.594,2.7455,0.61915,0.010648,6.144,5.4077,31.207,14.4
0.1355,0.43267,1.0337,5.0069,0.65187,0.014534,3.5246,12.635,44.299,10.8
0.08685,0.42541,1.5158,2.1852,0.74948,0.012161,7.9057,7.3613,29.165,13.5
0.15514,0.20795,1.0704,3.3081,0.67198,0.010652,5.9443,13.965,36.254,11.1
0.25156,0.58664,1.7593,3.1601,0.66964,0.014332,3.7474,14.185,38.388,13.7
0.41345,0.56533,1.6256,3.2464,0.73711,0.010847,3.5131,8.2781,33.112,0
0.1224,0.5246,1.2931,5.0683,0.63021,0.012033,7.2153,8.4333,36.27,13.3
0.26096,0.24048,1.3026,3.6553,0.69368,0.015974,6.1671,12.741,26.444,12.5
0.12955,0.34318,1.5192,4.0294,0.57998,0.011844,7.8459,11.535,39.553,14.2
0.081993,0.48834,1.0665,3.4772,0.66923,0.015001,4.9511,13.324,26.444,10.9
0.070265,0.74839,1.7087,4.2242,0.71205,0.0092158,6.0907,10.197,34.255,13.3
0.28197,0.32598,1.827,3.1284,0.6485,0.010287,4.3116,5.7634,38.718,17.8
0.20637,0.57397,1.1461,3.2898,0.58952,0.011492,5.4004,10.694,34.226,12.7
0.37052,0.69034,1.5061,3.6826,0.70122,0.012755,7.523,14.521,34.947,16.7
0.34058,0.45637,1.0087,3.7662,0.60295,0.010283,7.7577,12.474,26.115,13.3
0.092442,0.79953,1.6638,3.582,0.57348,0.012565,5.7544,8.159,29.039,13
0.34969,0.68102,1.6007,3.0614,0.69547,0.011801,5.7227,11.489,37.203,0
0.31228,0.32559,1.9546,3.6084,0.65231,0.012368,3.7389,6.1923,37.069,18
0.39221,0.28679,1.4432,2.2256,0.57831,0.013761,7.703,9.6685,43.948,0
0.24947,0.67014,1.6682,3.2983,0.57356,0.013529,5.2069,6.5311,21.791,13.9
0.35731,0.30667,1.2153,3.8928,0.68729,0.010538,5.2229,12.122,20.436,11.8
0.27299,0.529,1.0097,3.5301,0.62722,0.011432,5.1713,8.8862,35.669,14.1
0.33276,0.34391,1.6933,2.7585,0.64756,0.01358,3.9664,12.775,21.599,12.7
0.062201,0.7989,1.6938,5.0184,0.73758,0.015737,3.4933,14.036,33.229,12.8
0.37768,0.65042,1.8882,4.6136,0.60455,0.010062,6.8057,14.706,42.61,0
0.12787,0.29096,1.4684,4.9023,0.59803,0.013682,5.2394,13.041,35.242,11.8
0.21949,0.47758,1.9377,4.9112,0.68112,0.015156,4.6054,12.75,28.78,13.4
0.17472,0.68556,1.5249,3.2641,0.68782,0.010358,6.6488,7.6587,25.933,13.3
0.25894,0.68568,1.4231,4.0547,0.59603,0.013602,4.4742,14.923,31.235,11.3
0.19055,0.55098,1.8836,4.6104,0.69655,0.015959,4.0927,14.221,42.357,13.8
0.40638,0.36961,1.3128,3.7217,0.74518,0.012739,6.3879,6.1546,35.145,18.6
0.16187,0.2692,1.8732,4.1809,0.58883,0.014461,4.9357,8.1791,41.508,15.6
0.41608,0.3634,1.8544,2.372,0.68685,0.015151,3.5738,14.246,35.102,0
0.068026,0.22083,1.1269,4.7694,0.66482,0.010317,3.4067,7.7964,22.496,11.1
0.4065,0.7191,1.2883,2.5388,0.70647,0.010691,3.3361,8.5747,30.557,0
0.24856,0.6347,1.9219,4.2473,0.71926,0.014861,3.2252,13.595,30.056,13
0.27526,0.20762,1.7854,3.6299,0.62637,0.01267,6.9716,11.716,40.344,18.1
0.42585,0.56255,1.4403,4.393,0.61085,0.011801,6.9061,12.176,36.644,0
0.19686,0.30757,1.4427,4.6141,0.59015,0.0091448,7.0332,8.5562,25.509,13.3
0.37445,0.26264,1.2532,4.5891,0.62095,0.013914,6.3848,7.8435,24.853,15.4
0.15781,0.29561,1.2608,2.5199,0.66958,0.01362,5.1968,9.9215,43.787,13.3
0.12911,0.70228,1.299,4.1025,0.65613,0.0094288,5.4062,11.411,29.609,11.2
0.1548,0.56468,1.4169,3.266,0.57002,0.012534,6.0919,14.497,38.642,12.4
0.40411,0.47023,1.5773,4.0407,0.60788,0.0099112,4.2575,7.3531,26.234,16.4
0.13203,0.67345,1.465,2.4127,0.57129,0.013539,3.5845,10.014,35.45,11.7
0.14079,0.77735,1.75,3.3384,0.6188,0.015288,4.92,5.1508,23.321,13
0.30298,0.53095,1.2528,3.3641,0.59488,0.014338,6.9552,9.8136,22.121,13.3
0.29727,0.78293,1.5011,3.6007,0.75985,0.01402,5.3389,5.2201,32.862,16.1
0.32892,0.24484,1.0819,4.044,0.64261,0.011931,5.6907,5.7782,34.24,16.3
0.38236,0.37777,1.6441,2.5868,0.72891,0.014769,6.7533,14.198,31.265,0
0.33237,0.60581,1.4071,4.9021,0.73229,0.010644,5.813,10.034,43.669,18.2
0.056529,0.38577,1.9664,4.7185,0.57986,0.0092906,7.5356,10.568,41.039,0
0.1754,0.51202,1.1954,2.2127,0.74931,0.012738,3.4922,9.544,38.694,12.1
0.26283,0.75708,1.3949,2.6538,0.7293,0.010146,7.2603,13.462,32.092,14.1
0.35958,0.70726,1.3997,3.8531,0.66345,0.011046,7.598,9.0601,42.714,0
0.24344,0.44548,1.6991,4.6937,0.59816,0.015065,6.0738,9.4525,36.329,16.5
0.097375,0.62722,1.1029,3.8749,0.70747,0.015433,7.3881,8.7325,37.706,13
0.20231,0.46707,1.232,3.925,0.56285,0.01186,4.9069,6.4665,38.476,14.6
0.17992,0.42977,1.989,4.0423,0.6408,0.010626,7.8181,6.4781,30.005,16.2
0.26282,0.26057,1.5808,2.4868,0.67917,0.012347,7.0715,10.767,25.246,14.2
0.22242,0.45968,1.8712,4.4143,0.63933,0.010165,5.6992,5.2325,22.989,14.6
0.30365,0.49087,1.9948,4.1502,0.75447,0.015165,6.5129,5.8636,31.024,18
0.050209,0.60717,1.7748,4.9089,0.63085,0.012807,6.2558,6.8054,44.6,0
0.051093,0.31746,1.4683,3.844,0.61082,0.015965,5.2232,5.5829,37.391,0
0.14507,0.37981,1.256,2.4347,0.67348,0.010863,3.1501,11.431,35.003,10.8
0.12643,0.61275,1.3105,3.4528,0.6363,0.013373,6.9127,10.976,36.269,12.8
0.28577,0.29549,1.0421,2.5844,0.61653,0.014298,5.0651,6.4865,38.33,15.7
0.3178,0.58128,1.5428,2.9295,0.57478,0.01171,7.7634,5.2717,34.764,19.9
0.40375,0.54914,1.7163,4.323,0.63583,0.01008,3.7775,9.6556,20.855,0
0.3406,0.65112,1.4506,3.0339,0.58847,0.012456,4.8155,12.839,23.466,12
0.34856,0.57236,1.9078,4.3269,0.58351,0.015095,3.3198,5.0435,27.647,16.8
0.20853,0.37155,1.6491,2.954,0.75721,0.01371,6.3262,12.924,21.715,12.8
0.1473,0.50592,1.8657,5.1655,0.68197,0.0091623,7.5182,12.904,32.694,14
0.35185,0.5666,1.4222,2.9131,0.60126,0.011265,4.7741,9.11,32.84,16.5
0.41352,0.27016,1.18,3.5806,0.62243,0.015524,7.3788,14.924,24.839,12.5
0.37776,0.56853,1.2352,4.5496,0.64669,0.0099078,5.8413,6.3084,25.428,15.6
0.2371,0.49384,1.1935,2.5337,0.69512,0.015931,6.2759,7.2941,40.68,15.4
0.19907,0.61848,1.645,2.2493,0.61955,0.015339,6.2811,8.0499,34.501,15.3
0.19826,0.30144,1.0414,5.1204,0.67698,0.013327,4.3901,14.052,30.979,10.2
0.14708,0.22609,1.1219,3.6654,0.70018,0.011262,3.0543,11.538,24.728,9.9
0.2581,0.75584,1.4675,4.777,0.64439,0.015213,4.8475,6.3545,30.714,14.8
0.206,0.78952,1.9796,3.0957,0.74638,0.014596,7.677,11.223,29.175,15.4
0.21372,0.63174,1.6333,3.8942,0.72289,0.010025,4.3219,8.7748,22.557,12.8
0.34575,0.39561,1.5954,4.849,0.61758,0.014191,5.3728,9.1775,40.672,19.5
0.25978,0.48575,1.8608,2.5653,0.58491,0.0099252,6.2536,14.812,34.696,14.7
0.21689,0.20538,1.8958,5.0992,0.75828,0.015456,3.9008,10.651,32.479,14.3
0.39576,0.42116,1.9035,4.0192,0.71442,0.014121,7.8578,12.944,31.484,0
0.35597,0.78326,1.256,4.9205,0.62692,0.01027,5.1617,12.636,42.889,18
