chord,span,airfoil mass,total mass,X_theta,Ia,dhh,dah,daa,Vcr
0.21755,0.27627,1.6546,4.7652,0.61492,0.014881,3.3438,8.8179,26.684,12.7
0.11117,0.5786,1.3164,5.0506,0.65973,0.01417,3.0538,11.084,34.391,10.9
0.37295,0.59298,1.8782,4.8804,0.59045,0.010348,6.9449,5.6371,29.726,0
0.16999,0.64051,1.1042,4.551,0.71655,0.012727,4.2568,5.7395,35.625,12.3
0.059873,0.23723,1.1296,3.5251,0.69447,0.014993,5.4822,5.5178,27.826,13.8
0.30665,0.67183,1.2892,3.6669,0.72369,0.013166,5.6721,8.3387,30.272,14.8
0.3676,0.40592,1.4626,3.2768,0.69591,0.012974,6.2489,9.9411,29.941,16.3
0.24099,0.23995,1.411,5.0806,0.71614,0.014103,6.8183,12.596,41.062,15.4
0.35806,0.7872,1.1114,3.3615,0.65841,0.010807,3.1748,14.774,38.141,12.5
0.10919,0.28874,1.7048,3.3163,0.57528,0.011876,3.705,13.019,43.236,11.8
0.051888,0.59002,1.6785,2.9342,0.72864,0.011058,3.1243,5.9631,39.927,0
0.33456,0.67004,1.6239,4.6495,0.567,0.011838,4.2383,9.839,42.001,19.3
0.16227,0.55949,1.0262,2.6389,0.72678,0.010364,7.1389,8.4107,36.758,12.7
0.070947,0.64059,1.4995,5.0032,0.61795,0.011636,3.5588,14.679,30.793,10.7
0.083825,0.63001,1.5068,3.1576,0.7107,0.014852,4.2586,10.374,30.859,12.1
0.11308,0.56029,1.9375,2.4966,0.74,0.012853,5.1268,6.5538,26.169,13.6
0.22895,0.51967,1.3547,4.4926,0.73634,0.014139,5.0222,11.072,36.008,13.7
0.10099,0.49772,1.3105,3.909,0.74872,0.011989,3.1556,14.324,43.105,10.7
0.19332,0.35599,1.7869,3.708,0.67251,0.013794,3.452,13.756,43.553,13.4
0.088638,0.70753,1.9094,2.2073,0.66474,0.013552,4.9157,11.523,39.051,13.4
0.28027,0.57915,1.2782,4.6928,0.64537,0.013421,7.1573,7.7319,30,15.3
0.2717,0.46632,1.0904,4.4064,0.56652,0.012008,3.1763,14.788,33.038,9.9
0.41385,0.42995,1.8845,2.9384,0.74181,0.015262,4.9826,11.28,34.17,0
0.4078,0.3285,1.0039,4.815,0.60702,0.010714,6.1946,8.0752,40.621,0
0.40348,0.76722,1.3908,4.5773,0.59142,0.013376,6.4849,5.8887,33.259,0
0.40543,0.3582,1.2348,4.6923,0.65911,0.010067,4.1438,11.61,34.054,15.5
0.16673,0.57338,1.7159,3.0155,0.64245,0.011535,6.897,6.3849,42.532,16.7
0.16585,0.49973,1.7836,4.2045,0.58996,0.013876,3.6351,14.489,42.14,12.2
0.256,0.60765,1.9768,2.5497,0.71045,0.014789,6.8972,6.9388,30.696,17
0.055783,0.39517,1.1347,3.5249,0.67445,0.014544,5.0887,10.355,43.123,0
0.40963,0.5269,1.9011,2.3288,0.72172,0.011344,4.1334,13.254,28.686,0
0.11619,0.21688,1.9554,4.2142,0.73211,0.015574,6.391,14.204,26.397,12.8
0.40425,0.75203,1.3001,2.3935,0.71348,0.0095947,6.6338,9.5089,36.261,0
0.1178,0.51887,1.6338,2.2156,0.65407,0.015204,3.5601,9.4554,36.469,12.4
0.16791,0.77022,1.6943,2.7937,0.67095,0.015155,5.7793,12.553,42.353,14.5
0.38674,0.27851,1.1892,2.6342,0.56578,0.0090636,5.9723,11.12,42.953,0
0.34343,0.38069,1.4956,2.9478,0.70657,0.0098173,6.7202,13.128,38.611,0
0.18486,0.55059,1.469,2.4351,0.72574,0.013802,4.3266,14.725,24.574,10.9
0.16998,0.44671,1.2365,2.7585,0.70108,0.010264,5.6017,7.9917,31.55,12.5
0.42009,0.32953,1.001,4.8931,0.69601,0.012605,5.6003,6.0592,44.902,0
0.19359,0.57515,1.3934,2.1963,0.66906,0.012564,4.2239,5.484,41.023,14.5
0.0693,0.38979,1.7834,5.0905,0.67729,0.014446,6.6285,11.54,36.595,14.5
0.42551,0.52105,1.3984,4.1847,0.64811,0.0099301,5.186,10.506,29.858,16.4
0.20931,0.65081,1.5224,3.6446,0.57774,0.010756,5.2278,11.41,37.716,14.3
0.44705,0.75932,1.0922,5.0339,0.59256,0.015793,5.975,7.4323,21.737,15.1
0.17002,0.68813,1.0767,3.2367,0.5864,0.010107,3.3007,12.048,22.142,9.9
0.29671,0.30426,1.6514,3.6694,0.6169,0.014814,7.0818,14.412,19.988,12
0.30616,0.20441,1.1064,2.4937,0.63342,0.010677,4.7207,7.5262,29.657,14
0.21842,0.58405,1.7876,2.9833,0.7288,0.014183,7.1205,6.8519,21.616,14.5
0.29414,0.62093,1.1116,2.4608,0.67957,0.014686,7.0629,5.9244,38.262,16.8
0.41154,0.47134,1.0707,2.8971,0.70637,0.0092834,5.1126,10.432,43.826,18.9
0.13356,0.2698,1.6462,2.4985,0.7567,0.010738,6.0218,13.197,40.731,13.5
0.24562,0.65644,1.9151,4.8762,0.60285,0.012829,6.9135,6.9744,38.652,19
0.24022,0.54996,1.2605,2.4278,0.61963,0.01542,5.3426,7.7247,39.054,15.3
0.35887,0.21278,1.88,4.5678,0.62483,0.013683,4.4715,14.33,27.029,13.1
0.11755,0.6471,1.4771,4.1336,0.75332,0.011191,3.3722,12.944,29.115,10.9
0.28404,0.31,1.0769,2.6343,0.72538,0.011107,4.9094,11.537,40.414,14.2
0.35651,0.42451,1.1899,4.1128,0.56072,0.01098,6.183,10.951,28.112,14.9
0.44558,0.27394,1.7359,2.6432,0.64693,0.014826,4.7895,5.7924,33.903,0
0.15957,0.27923,1.6997,3.631,0.59654,0.0097085,3.9979,6.3775,28.075,12.9
0.43022,0.51928,1.2477,3.4851,0.69382,0.012834,6.0353,13.661,29.497,14.5
0.34958,0.29402,1.0581,3.1924,0.72344,0.011643,7.853,11.083,28.436,14.4
0.42119,0.73905,1.8507,2.9437,0.6171,0.01446,6.497,9.9551,44.172,0
0.24046,0.79694,1.4906,3.6837,0.71375,0.011717,5.2563,6.3585,38.943,15.9
0.27609,0.58918,1.7981,2.8346,0.73158,0.015333,4.4501,12.289,28.466,14.2
0.15907,0.30216,1.664,3.7809,0.72582,0.010872,3.8708,9.3419,31.871,12.8
0.36409,0.27839,1.0514,4.0558,0.56582,0.0099534,6.4628,10.187,33.545,17.1
0.37339,0.67621,1.5019,3.0032,0.58393,0.015206,7.8414,14.455,35.933,18
0.086236,0.24482,1.1825,2.2684,0.70499,0.010009,6.1696,12.928,34.136,11.2
0.20097,0.69295,1.3049,3.1314,0.717,0.012526,4.295,12.355,24.054,11.1
0.41843,0.33333,1.0836,2.3944,0.71391,0.014724,6.6921,12.612,44.01,19
0.23657,0.6722,1.4226,5.0045,0.56026,0.015869,5.841,8.4947,33.918,15.3
0.16991,0.29544,1.6653,4.2259,0.71848,0.01144,4.2404,8.48,28.196,12.9
0.42099,0.65364,1.2882,3.9918,0.71321,0.014923,7.4999,10.987,21.693,14.5
0.13722,0.72165,1.4142,4.1569,0.7167,0.010735,5.7621,7.3259,20.153,11.7
0.35666,0.2131,1.3931,2.9309,0.60084,0.013636,7.5637,5.099,38.641,0
0.36987,0.74468,1.9746,2.5329,0.66379,0.014754,6.1751,14.569,43.653,0
0.43664,0.24041,1.4375,3.1358,0.58681,0.0099421,7.0197,10.278,43.586,0
0.44534,0.44594,1.3712,2.8539,0.64921,0.010864,5.2855,9.3591,26.471,0
0.10349,0.45154,1.5069,3.1463,0.69694,0.012102,5.1683,12.96,40.369,12.3
0.35085,0.67355,1.5013,3.8388,0.68615,0.0096859,4.2184,11.187,27.604,14.1
0.35679,0.36034,1.0395,3.063,0.67127,0.015784,6.4356,12.209,33.956,14.9
0.26334,0.72543,1.3931,3.5475,0.60165,0.014301,5.7235,8.6039,37.505,16.2
0.093689,0.20397,1.5973,4.1508,0.676,0.01537,6.17,10.286,26.471,12.8
0.070468,0.63917,1.1643,3.0145,0.61189,0.01283,5.6963,12.911,41.72,12.2
0.36502,0.78166,1.1805,4.9651,0.56903,0.010685,3.0343,11.746,42.6,17.3
0.27897,0.29328,1.5024,3.8765,0.59765,0.011269,6.5702,10.559,23.537,13.6
0.20215,0.43794,1.5767,2.2315,0.67552,0.015525,3.5244,12.351,44.243,13.7
0.29355,0.6318,1.3028,3.5504,0.56961,0.011697,4.7986,7.9058,40.398,17.5
0.23021,0.68398,1.7902,3.0222,0.57366,0.0093845,6.1776,9.2729,42.618,18.1
0.21693,0.29243,1.54,4.9846,0.69219,0.011763,4.285,13.509,43.606,13.9
0.2008,0.24037,1.1816,3.9005,0.59718,0.01104,5.2983,8.4998,27.934,12.2
0.23397,0.34154,1.0278,4.1487,0.59176,0.014619,5.0329,8.3039,38.63,14.1
0.34854,0.30437,1.1175,2.6954,0.68548,0.014893,5.5404,6.6876,37.838,17.1
0.41281,0.33112,1.871,2.8088,0.72733,0.015015,5.6069,9.8036,42.227,0
0.07603,0.50567,1.6208,4.374,0.606,0.0091531,3.6849,12.725,44.224,11.5
0.20472,0.79606,1.3264,2.5848,0.63695,0.012938,6.1592,10.446,27.855,12.7
0.11373,0.29157,1.137,4.3027,0.65297,0.0097929,6.4944,6.8299,40.072,12.8
0.25558,0.52906,1.2078,4.5271,0.6653,0.012997,5.1002,12.242,21.808,11
0.28794,0.71719,1.4488,4.131,0.62069,0.013252,4.3845,13.026,39.884,14.9
0.43163,0.4666,1.4569,3.9728,0.72852,0.0092184,3.9264,14.466,43.678,0
0.23119,0.6865,1.9289,4.1915,0.63447,0.01184,5.1841,11.816,31.607,14.5
0.43131,0.41282,1.339,4.8609,0.66909,0.014245,3.6144,9.5623,21.849,13.4
0.31534,0.62219,1.919,4.1535,0.69802,0.014976,5.3295,9.6148,40.133,18.6
0.37991,0.31426,1.0257,2.3437,0.58859,0.0102,6.1192,5.3252,31.788,17.7
0.32138,0.26887,1.2361,3.0405,0.59455,0.011266,6.9956,8.0263,39.371,18.8
0.27111,0.53282,1.7306,4.4942,0.74017,0.0099672,6.9604,6.9241,20.704,14.8
0.10095,0.28024,1.1283,4.9791,0.61465,0.015599,6.1808,13.755,29.157,11.1
0.14448,0.31239,1.5456,2.9386,0.62116,0.0091088,5.9274,14.656,41.226,12.7
0.053176,0.58042,1.3593,2.5155,0.66816,0.011915,5.5755,13.891,23.715,0
0.22387,0.23542,1.381,4.3404,0.57902,0.01367,4.472,11.016,23.776,11.4
0.22455,0.20761,1.229,2.9643,0.66228,0.010506,4.7205,12.508,30.32,11.7
0.072301,0.43402,1.4745,4.6493,0.62073,0.014753,5.8184,5.5738,26.48,13.9
0.28564,0.48784,1.1987,2.8903,0.71604,0.013321,3.7106,12.191,30.018,12.2
0.23495,0.62437,1.4012,2.2165,0.57493,0.013137,5.22,14.296,22.352,10.1
0.20017,0.5276,1.1117,4.8867,0.68666,0.015338,6.1428,5.1723,27.892,12.8
0.094748,0.57768,1.0607,4.1953,0.65549,0.011139,5.5717,12.1,40.32,11.3
0.17632,0.38678,1.345,4.1722,0.73221,0.014332,7.3692,13.742,24.3,11.7
0.39009,0.77575,1.7702,4.7983,0.57348,0.013528,4.6105,11.433,41.974,0
0.19946,0.66004,1.1681,3.7325,0.68549,0.013997,4.522,7.6669,42.88,13.9
0.29601,0.25591,1.6277,2.7494,0.71539,0.015052,4.6579,6.3841,39.117,17.3
0.17745,0.35143,1.2001,2.3803,0.67038,0.011827,6.7406,9.9018,29.6,12.4
0.074563,0.32821,1.5439,3.4052,0.74019,0.009394,5.2075,10.408,23.332,11.8
0.26638,0.71442,1.198,2.6401,0.57228,0.013628,3.083,7.941,44.326,15.8
0.35586,0.34621,1.6821,2.5869,0.68596,0.014999,7.489,8.5137,32.138,0
0.32181,0.62247,1.4609,3.2661,0.61605,0.0095334,5.2131,6.6871,29.949,16.2
0.41823,0.5068,1.9141,2.4491,0.75861,0.009675,4.5557,12.884,35.04,0
0.23636,0.37888,1.1332,3.0583,0.59333,0.01122,3.5392,13.351,44.27,12.9
0.13731,0.62365,1.039,4.0222,0.69387,0.0092604,3.0067,6.4546,41.54,11.2
0.16041,0.51901,1.5222,3.8762,0.62661,0.011894,5.0617,14.869,21.423,9.9
0.20862,0.67479,1.5942,3.102,0.74036,0.0096519,4.5851,13.9,36.416,13.1
0.32381,0.48437,1.1412,5.0261,0.73653,0.012062,7.1648,8.2814,29.171,14.9
0.36794,0.25959,1.9518,2.1777,0.61908,0.0093392,5.2037,12.928,42.818,0
0.2633,0.68245,1.5627,4.4259,0.56185,0.012337,4.2416,8.1092,44.154,17.9
0.13352,0.51229,1.2255,3.8749,0.75963,0.0099231,7.7634,6.2688,24.636,12.2
0.3086,0.2769,1.0813,4.151,0.56548,0.015896,5.6867,8.7683,37.648,16.7
0.42896,0.42937,1.6929,3.9795,0.71505,0.013143,4.8709,13.536,25.623,0
0.36878,0.79813,1.2813,4.3044,0.69293,0.011904,5.4813,14.521,43.81,17.2
0.34317,0.43081,1.0401,3.9221,0.67294,0.011486,7.391,11.275,35.58,16
0.1683,0.24481,1.2937,2.8775,0.62918,0.014939,3.7918,6.6086,32.696,12.4
0.29132,0.29684,1.6355,4.7051,0.71645,0.010852,4.5635,6.862,31.167,15.6
0.18067,0.36789,1.9318,3.3724,0.63588,0.01315,3.3325,7.0824,38.07,14.7
0.28006,0.32014,1.8435,3.4445,0.66895,0.012696,3.9155,5.8469,31.582,16.1
0.062222,0.46099,1.5579,4.0896,0.56684,0.013969,3.8366,10.964,35.182,12.7
0.35894,0.23376,1.8547,3.3262,0.63992,0.011278,5.767,7.9842,29.133,0
0.18962,0.57813,1.6644,5.1496,0.74887,0.011452,3.955,14.226,27.197,11.6
0.27034,0.75159,1.09,2.9464,0.64541,0.013044,7.4876,7.2123,44.156,17.6
0.22359,0.67089,1.5252,3.1671,0.64632,0.014025,7.5711,13.93,23.348,12.3
0.097965,0.73607,1.6531,2.2941,0.66094,0.015261,4.9186,7.9505,25.831,12.5
0.13038,0.42818,1.5948,2.9785,0.68449,0.014632,3.5099,12.322,36.195,11.8
0.23986,0.75975,1.0964,3.9706,0.60671,0.0092263,5.8893,13.452,33.902,12.4
0.38595,0.32297,1.6213,2.6954,0.61791,0.0091295,6.4975,14.551,38.705,0
0.35269,0.52525,1.2821,2.9079,0.61726,0.015742,4.1435,10.403,25.105,13.1
0.22362,0.28533,1.3756,4.554,0.72256,0.015327,5.6919,13.209,37.69,13.6
0.067284,0.28757,1.2333,2.9134,0.59406,0.010645,4.3673,14.546,28.647,10.2
0.16893,0.44266,1.3022,4.4452,0.63195,0.0098743,6.0759,8.5852,29.053,12.5
0.077395,0.7203,1.4579,2.4061,0.74098,0.010972,6.0594,11.649,24.981,11.7
0.43399,0.59906,1.5413,4.7802,0.67141,0.0091498,5.4034,13.11,38.38,0
0.27892,0.20539,1.7183,3.5216,0.69192,0.014272,7.0137,5.3216,39.475,18.9
0.27694,0.24567,1.2516,2.5737,0.67289,0.012787,3.3346,14.914,26.257,10
0.17619,0.38039,1.042,3.757,0.6112,0.011861,7.7276,14.223,23.011,10.1
0.28678,0.41579,1.7193,3.744,0.61217,0.012452,7.2692,12.274,24.958,14.4
0.11291,0.42229,1.8623,4.2276,0.68684,0.0099893,3.3865,13.791,30.491,11.1
0.24507,0.4762,1.5157,2.9893,0.60632,0.015297,7.5335,11.066,29.111,14.6
0.28944,0.60109,1.8946,2.4353,0.6678,0.011999,6.0758,10.619,25.626,0
0.091808,0.20599,1.0592,3.1413,0.7159,0.011348,6.0878,14.959,36.18,10.7
0.26591,0.33935,1.7398,4.8403,0.73196,0.013179,6.2638,14.18,30.81,14.3
0.1659,0.57913,1.2954,4.0394,0.56951,0.015962,4.0238,11.104,28.671,11
0.33709,0.2168,1.0668,4.9545,0.57755,0.011327,5.6209,7.4964,33.552,16.6
0.36235,0.51313,1.9319,2.6146,0.64335,0.010962,5.9805,5.3947,21.572,0
0.17915,0.25903,1.17,3.2868,0.56795,0.013965,6.1967,6.7706,21.534,11.7
0.21266,0.47784,1.2027,4.7819,0.67959,0.0091611,7.4871,9.5595,21.431,12
0.092508,0.79906,1.8663,4.0189,0.56539,0.011258,5.3089,6.0202,34.255,14.1
0.18035,0.4703,1.5778,2.3978,0.57147,0.011107,5.5986,10.649,26.019,12.4
0.41509,0.69544,1.4445,5.1195,0.67565,0.010641,7.043,9.5427,26.229,16.7
0.43218,0.28559,1.5126,5.0891,0.68966,0.013303,5.3383,10.808,42.763,0
0.20049,0.33726,1.4235,2.9941,0.64891,0.013393,5.6632,8.8844,41.816,15.2
0.17014,0.44002,1.5177,2.3588,0.60627,0.0098294,3.4839,13.933,20.815,9.9
0.38561,0.50436,1.1137,3.6446,0.67989,0.0096315,7.8811,11.56,31.508,16.2
0.3955,0.3577,1.824,3.1602,0.74826,0.010709,7.7756,10.138,34.094,0
0.44749,0.66259,1.3138,2.3469,0.56881,0.014691,5.0504,8.8716,33.058,19.2
0.40686,0.44355,1.6044,2.4577,0.6272,0.010014,4.2144,8.8197,26.738,0
0.13624,0.58024,1.7997,2.7988,0.73925,0.01422,5.6719,14.73,34.102,12.9
0.13708,0.71466,1.862,3.1132,0.6254,0.01488,5.4527,5.549,39.43,15.4
0.22067,0.36798,1.3335,3.2741,0.71896,0.0092708,6.6233,13.757,27.125,12.1
0.31274,0.33913,1.622,2.3987,0.75335,0.01327,4.9086,5.3357,41.419,0
0.29142,0.7087,1.5046,2.197,0.74381,0.011875,6.6518,6.5411,40.361,0
0.41384,0.66677,1.7571,3.3889,0.70038,0.012958,5.9137,8.4791,37.586,0
0.11435,0.20091,1.562,3.8128,0.67017,0.013862,7.6275,14.472,42.562,13.6
0.29164,0.75573,1.1169,3.1957,0.56735,0.012769,6.6761,6.8422,30.636,15.6
0.089267,0.38193,1.7801,3.7842,0.71381,0.013473,7.4557,5.6369,24.374,14.1
0.21653,0.64388,1.893,2.2509,0.58751,0.011969,6.8128,10.274,38.842,16.9
0.11792,0.60364,1.6187,2.1938,0.70805,0.015942,3.6309,8.6358,24.757,12
0.33576,0.30672,1.9868,2.2243,0.56796,0.01463,7.289,10.693,38.833,0
0.25781,0.55154,1.1907,3.6836,0.57018,0.0093927,4.666,11.339,42.279,15.3
0.31936,0.61116,1.6957,4.5728,0.69212,0.01264,4.6487,14.372,26.142,12.7
0.25448,0.64419,1.2542,4.7101,0.66763,0.015371,4.7435,14.383,43.173,13.8
0.28508,0.26106,1.3669,3.0008,0.61322,0.010586,2.9966,13.96,31.317,10.9
0.28137,0.38936,1.994,5.125,0.75291,0.013664,6.6208,8.3704,33.049,17.6
0.15934,0.63103,1.778,2.4165,0.60432,0.010428,6.1105,12.282,40.839,14.5
0.057558,0.32127,1.4691,3.3085,0.62808,0.009447,6.7967,9.0566,36.837,0
0.27043,0.23087,1.3075,5.0696,0.7463,0.011646,6.0784,10.655,40.744,15.7
0.43308,0.2453,1.888,3.8606,0.59887,0.01055,6.5188,10.998,34.637,0
0.4374,0.54905,1.0998,2.6731,0.58042,0.010024,6.3478,11.429,29.291,16.4
0.11515,0.43371,1.8,3.3727,0.71102,0.011066,6.19,13.881,25.221,12
0.24214,0.26779,1.1324,2.3653,0.57586,0.013389,5.0467,11.416,41.394,14.4
0.35543,0.7857,1.7815,4.98,0.70783,0.010775,6.5863,11.965,39.313,19
0.34889,0.39103,1.5104,4.4925,0.67456,0.015677,3.8479,14.102,38.785,14.9
0.16447,0.57645,1.4628,2.5616,0.66988,0.015787,5.2007,10.94,22.754,11.7
0.12994,0.29778,1.0369,2.9915,0.60603,0.01151,3.6617,15.016,32.818,9.9
0.20514,0.34991,1.3648,3.3705,0.74526,0.012468,6.0359,5.0781,34.673,14.5
0.36098,0.59431,1.5283,4.6506,0.75249,0.011196,6.9754,7.8818,20.352,15.1
0.08766,0.39723,1.3056,2.2274,0.59244,0.012108,6.8239,11.843,37.843,12.5
0.23391,0.75156,1.9889,4.9711,0.6523,0.015334,4.9223,11.06,33.988,15.3
0.38834,0.37088,1.6633,3.9801,0.69129,0.01117,4.6482,6.912,22.497,0
0.16463,0.4129,1.5358,5.1458,0.56564,0.013967,7.5158,13.688,22.959,11.4
0.43211,0.46454,1.8758,4.7682,0.63103,0.013418,7.3127,5.2399,21.901,0
0.20069,0.28952,1.0341,4.52,0.62545,0.014722,3.8581,11.791,41.87,12.1
0.35286,0.33778,1.3589,3.2628,0.61349,0.011361,3.4248,9.5456,31.347,14.7
0.061614,0.58226,1.0595,2.6809,0.69694,0.012882,3.0202,7.9109,29.395,11.4
0.1086,0.24472,1.4607,3.2845,0.72491,0.012763,7.0776,9.6338,20.331,12
0.051993,0.29974,1.3659,4.3279,0.59188,0.010951,6.2147,7.902,28.028,0
0.11217,0.4326,1.8957,4.8366,0.63872,0.013728,4.2511,14.53,35.597,11.7
0.13278,0.26579,1.5658,2.9963,0.57423,0.010109,3.2376,11.839,39.524,11.5
0.37295,0.35903,1.8959,3.9973,0.56288,0.011408,5.6583,11.308,31.148,17.8
0.37444,0.2869,1.9748,4.6746,0.62802,0.013314,4.5088,5.9222,33.018,19.3
0.38012,0.65836,1.9476,3.1739,0.63795,0.010053,4.6585,10.567,33.737,0
0.11417,0.27025,1.3986,4.6674,0.597,0.012506,3.6216,13.676,39.146,10.6
0.27574,0.43374,1.4901,4.834,0.74101,0.012489,5.6361,14.127,34.445,14
0.36031,0.59684,1.4697,2.8326,0.68052,0.01029,3.9775,13.65,23.121,0
0.30823,0.46239,1.6126,4.3857,0.62066,0.0093008,7.1675,8.7231,36.513,18.7
0.40829,0.36446,1.9979,4.6764,0.71827,0.013596,5.7084,8.8968,40.536,0
0.28813,0.66898,1.9877,4.5381,0.73058,0.012399,7.3588,8.3685,25.113,16.5
0.24774,0.21873,1.8276,2.9661,0.6955,0.014557,6.3992,11.538,25.914,14.4
0.24096,0.76185,1.2411,2.8006,0.61449,0.014431,4.6471,11.061,24.58,11.5
0.084984,0.38535,1.2309,4.9009,0.74738,0.0092232,5.9582,5.4682,30.603,12.1
0.25863,0.7042,1.625,2.9389,0.74094,0.014371,5.8033,14.002,29.182,13.6
0.18509,0.57131,1.0869,3.2998,0.59748,0.014674,6.6062,11.777,42.83,13.7
0.37838,0.52923,1.0155,2.4574,0.66295,0.015667,7.2053,14.38,44.315,18
0.19901,0.39254,1.7832,2.81,0.75183,0.015512,4.8186,8.4791,37.297,15.1
0.33664,0.68021,1.5937,2.4648,0.6719,0.0093016,6.7782,11.626,34.966,0
0.1408,0.62823,1.7245,3.206,0.56655,0.014905,6.8415,10.126,37.654,14.8
0.36647,0.3984,1.9137,3.9034,0.61758,0.010868,7.4409,8.691,23.73,0
0.42853,0.5905,1.9822,2.7548,0.72575,0.012457,5.9439,5.4789,34.091,0
0.30342,0.49886,1.0596,3.7188,0.57064,0.014905,5.9634,11.94,36.161,15
0.29938,0.77231,1.1769,3.598,0.72848,0.012479,6.802,6.8288,37.271,16.3
0.41577,0.29759,1.4281,2.2989,0.60515,0.013663,7.3467,8.4773,20.661,0
0.41211,0.48264,1.9105,3.1572,0.69822,0.0091221,5.5517,8.3481,28.383,0
0.43134,0.6503,1.3339,4.0718,0.64311,0.013035,7.7875,11.188,23.744,15.5
0.38531,0.6357,1.1088,2.6574,0.6194,0.011965,5.6321,7.781,40.679,19.6
0.36711,0.36425,1.6157,2.478,0.69399,0.011432,6.3375,7.983,36.991,0
0.20751,0.43509,1.207,4.3469,0.72386,0.015485,5.5606,6.9614,35.053,13.7
0.12927,0.44624,1.8531,3.4605,0.74513,0.011612,6.4812,10.916,22.502,13
0.21496,0.75482,1.0556,3.3254,0.60813,0.010595,4.7756,14.271,32.542,10.6
0.3713,0.41016,1.4587,5.0266,0.5866,0.0094922,6.5204,14.347,22.703,11.8
0.31068,0.28764,1.694,4.0501,0.56874,0.014585,7.9211,9.3974,28.599,17.4
0.069522,0.33512,1.581,3.9774,0.6105,0.01358,3.2905,14.435,22.293,10.5
0.18359,0.59063,1.5039,3.7661,0.63582,0.014382,4.4026,11.523,43.035,13.8
0.18227,0.68806,1.7876,2.5463,0.59148,0.011905,6.4267,11.607,36.979,14.9
0.053755,0.27717,1.7639,4.699,0.70939,0.015612,7.5886,7.2607,32.724,0
0.3651,0.51347,1.6174,3.848,0.7062,0.0094438,5.4539,7.3292,28.415,0
0.27066,0.64621,1.4123,3.6962,0.58579,0.010504,4.4541,9.5297,25.987,13
0.15531,0.73495,1.5861,4.9893,0.68362,0.010755,3.5027,10.494,31.046,11.9
0.3266,0.65566,1.3994,3.8755,0.60112,0.015605,5.554,7.7925,25.708,15
0.43117,0.61365,1.7079,4.1441,0.71579,0.013063,5.5062,13.817,29.804,0
0.14705,0.36898,1.9048,4.2813,0.73061,0.011651,6.1551,5.3456,42.981,16.3
0.2379,0.51194,1.7663,3.1819,0.6852,0.011288,4.5455,11.491,30.822,13.9
0.091155,0.34169,1.9718,4.27,0.69189,0.011283,3.0891,10.735,20.888,11.7
0.1559,0.3144,1.4493,4.4793,0.68559,0.011203,4.4502,5.8124,24.279,12.1
0.33851,0.25367,1.9178,3.4623,0.57594,0.013005,7.1489,8.5037,39.477,0
0.33334,0.55457,1.377,3.3548,0.64566,0.011961,4.0846,9.9976,20.977,12.5
0.27593,0.22949,1.8723,4.7534,0.62765,0.015818,7.7639,14.916,23.923,13.4
0.051167,0.34891,1.3463,2.8733,0.71118,0.010581,5.2322,7.6244,28.625,0
0.41118,0.20762,1.1322,3.3375,0.72812,0.010493,7.6662,14.728,29.361,14.2
0.44395,0.27325,1.761,3.9114,0.68423,0.012429,4.0923,6.4713,35.859,0
0.37097,0.60179,1.4716,5.0067,0.6783,0.010587,6.4092,8.2364,38.703,19.6
0.44926,0.36184,1.9319,4.2625,0.57905,0.010721,7.6633,9.8278,42.043,0
0.36172,0.21097,1.7708,4.2307,0.73353,0.013064,6.1205,6.1415,25.322,0
0.064548,0.46673,1.3266,3.0352,0.65929,0.010272,7.659,14.432,34.767,12.4
0.050323,0.7418,1.6829,2.3949,0.75928,0.011201,7.0361,9.6445,34.659,0
0.24104,0.53147,1.1753,3.935,0.59096,0.012118,5.6781,9.649,40.833,15.4
0.44847,0.78335,1.7459,2.7732,0.56727,0.01032,5.8777,11.313,29.099,0
0.30462,0.73478,1.2535,3.0324,0.58508,0.0127,7.0938,8.0278,39.672,18.6
0.22481,0.53032,1.9861,4.2426,0.75403,0.0096718,7.4805,5.6144,23.063,15.6
0.30229,0.42206,1.3196,4.5604,0.62034,0.013252,5.2999,7.9559,40.79,17.6
0.27821,0.2423,1.2663,2.6859,0.67206,0.010415,5.4518,12.324,43.855,15.7
0.35495,0.24804,1.9382,5.0967,0.68142,0.015702,4.6433,14.042,19.989,12.6
0.24331,0.28848,1.315,2.6874,0.67858,0.013603,4.7348,5.5669,21.159,12.7
0.072343,0.24291,1.0157,5.0943,0.70696,0.014267,3.1566,6.2061,26.513,11.8
0.40734,0.78324,1.9941,3.2137,0.61846,0.010311,6.7057,12.21,24.702,0
0.22358,0.22736,1.6555,4.5164,0.73258,0.014497,5.1575,8.5082,21.365,13.2
0.37778,0.26362,1.0061,2.9984,0.74855,0.01372,4.9183,13.599,36.851,14.1
0.29324,0.46366,1.9613,4.642,0.5621,0.0099913,5.404,10.836,27.305,15.3
0.22555,0.43896,1.1373,5.0316,0.63201,0.014859,3.1967,9.2683,21.871,10.6
0.17553,0.76759,1.8545,2.6939,0.66718,0.011064,7.5044,5.8439,39.667,17.1
0.11976,0.63199,1.232,2.7947,0.60323,0.015837,4.8992,11.383,21.144,10.4
0.14283,0.7249,1.4601,2.1825,0.65299,0.014769,7.3494,8.0407,25.88,13.1
0.38263,0.46265,1.5071,2.7297,0.5903,0.015348,7.9537,8.9308,40.65,0
0.43162,0.73631,1.841,4.2232,0.59436,0.010663,5.1614,5.2806,26.696,0
0.44206,0.38762,1.5718,4.0083,0.74031,0.011772,6.4538,7.0749,21.551,0
0.29895,0.61281,1.2968,3.888,0.62324,0.014666,4.8175,12.018,35.816,14.5
0.43583,0.32048,1.5982,2.4244,0.66888,0.014923,3.1935,8.3236,37.714,0
0.39412,0.50054,1.9948,3.4592,0.61347,0.012311,3.7942,6.619,26.689,0
0.35285,0.5655,1.9669,4.4933,0.67457,0.012152,4.4253,12.554,22.339,0
0.092714,0.64094,1.3546,3.9152,0.61977,0.013996,4.7924,12.215,44.863,12.2
0.08348,0.48092,1.0938,4.3488,0.74241,0.0096049,5.5898,10.556,37.109,11.4
0.16986,0.56113,1.1985,4.1436,0.69967,0.012218,3.7783,9.2479,34.881,11.8
0.17893,0.69844,1.1227,2.9268,0.74752,0.013586,6.7546,13.139,21.191,10.8
0.21588,0.63529,1.139,4.071,0.60937,0.01488,7.1734,9.5607,29.849,13.2
0.43464,0.20491,1.3984,3.6366,0.68363,0.0094901,3.7034,11.572,25.438,0
0.097653,0.22588,1.1656,3.7066,0.73345,0.014364,3.6648,5.6792,36.791,11.8
0.24288,0.49725,1.3135,3.1438,0.74182,0.012152,6.7332,6.8825,22.103,13.2
0.13281,0.53535,1.6617,4.9909,0.56805,0.010146,5.1806,8.2867,22.228,11.9
0.37413,0.43974,1.6553,3.8738,0.56062,0.013559,4.5755,7.6893,31.491,18.1
0.29926,0.68111,1.5612,2.2477,0.71871,0.010912,7.1046,11.916,35.078,0
0.20478,0.23932,1.9986,4.1564,0.60583,0.0096458,4.1949,14.056,25.414,11.3
0.24181,0.74554,1.1938,3.5173,0.68356,0.013159,6.3194,7.7068,30.577,13.9
0.36973,0.75939,1.4697,3.0922,0.64787,0.011148,4.3651,6.4175,24.144,15.2
0.24758,0.25195,1.9268,2.6187,0.5921,0.014024,6.3645,8.6152,22.241,14.7
0.053299,0.42367,1.7883,3.5152,0.57992,0.014641,6.2873,9.5536,33.314,0
0.26067,0.57781,1.6466,2.7488,0.72035,0.010376,5.0465,7.3869,26.785,14.6
0.053467,0.75697,1.5202,3.5657,0.66471,0.011358,4.6519,14.913,31.823,0
0.34874,0.60198,1.7956,2.9909,0.61678,0.014021,3.9132,13.367,24.222,12.7
0.43131,0.63353,1.1342,4.7326,0.74634,0.012949,4.9841,9.446,37.522,17.5
0.15402,0.21712,1.948,5.1618,0.7159,0.015926,5.4278,6.3098,31.589,14.8
0.34704,0.60403,1.874,4.4481,0.68344,0.010924,4.6719,13.387,29.627,0
0.082139,0.71935,1.4354,2.6895,0.56086,0.013567,4.8384,8.791,31.014,12.2
0.25645,0.38007,1.4783,2.192,0.59429,0.011125,6.7123,10.839,37.51,16.1
0.37187,0.71119,1.1177,4.1451,0.71059,0.013915,6.0156,5.4127,24.859,14.9
0.18227,0.5857,1.2174,2.404,0.75612,0.010447,7.9063,11.134,26.179,12.3
0.25718,0.6277,1.2599,2.5174,0.66993,0.010532,4.5509,14.761,27.71,10.9
0.4285,0.44634,1.0103,3.1035,0.59104,0.015959,5.2412,10.482,26.538,14.3
0.40302,0.26184,1.8236,3.4548,0.74407,0.012696,7.3442,8.5581,29.984,0
0.28917,0.74691,1.133,2.2998,0.64021,0.01317,7.5884,7.9678,33.606,15.8
0.36267,0.39644,1.0953,3.4983,0.56582,0.013728,3.548,7.0264,33.234,16.1
0.30094,0.42416,1.6065,4.7125,0.70039,0.01175,5.8493,7.5277,38.164,17.7
0.18733,0.24718,1.3022,3.0745,0.56464,0.010233,7.2946,11.589,41.393,14.9
0.15838,0.73757,1.2088,5.0658,0.64287,0.010607,7.0819,8.6344,32.518,12.9
0.34907,0.69911,1.3945,2.4632,0.61308,0.014544,7.6743,10.713,43.431,0
0.2889,0.79277,1.7623,2.7301,0.66335,0.013481,7.3348,11.031,44.972,19.4
0.10167,0.37602,1.4769,2.562,0.60562,0.010268,6.3501,8.2878,39.745,13.6
0.26841,0.33833,1.6868,2.3205,0.67452,0.015956,4.8048,10.617,43.162,16.7
0.15395,0.69949,1.1751,4.8128,0.61593,0.014946,7.0236,6.9213,44.444,14.8
0.15149,0.66713,1.8108,3.6672,0.74314,0.0097069,3.6691,13.613,20.446,11.2
0.34133,0.68999,1.1162,3.639,0.62949,0.014417,4.4164,13.274,24.307,10.8
0.39546,0.75563,1.1911,2.3244,0.66969,0.0090666,7.1318,14.115,37.612,0
0.14733,0.55354,1.9389,4.8598,0.68125,0.014547,7.1708,10.631,19.997,13.2
0.15051,0.45917,1.4307,4.799,0.57353,0.011379,3.8753,7.4904,38.175,13
0.16528,0.34241,1.1397,2.8355,0.72351,0.011648,6.3176,14.388,30.642,11.1
0.29206,0.78175,1.3647,4.1666,0.62295,0.0152,4.4677,7.9837,42.657,17.3
0.24715,0.32428,1.0258,2.6839,0.62047,0.01573,6.9083,11.763,40.998,14.7
0.21834,0.62224,1.4813,4.635,0.64748,0.01502,3.0345,14.99,26.86,9.9
0.063407,0.29126,1.4796,4.8398,0.61668,0.014489,3.842,12.343,26.146,12.2
0.082736,0.71175,1.6866,5.0476,0.75701,0.012743,7.5199,9.7965,42.222,14.8
0.05954,0.27723,1.7406,3.3464,0.63873,0.013213,3.1094,8.9067,21.399,11.4
0.32583,0.51223,1.0761,3.3921,0.64604,0.013615,4.082,5.8409,31.672,14.7
0.34147,0.56839,1.9006,2.9316,0.60402,0.010651,7.0406,12.054,41.943,0
0.3344,0.59665,1.4396,3.8617,0.75806,0.015701,4.6741,6.5846,30.407,15.7
0.27179,0.21785,1.8667,4.8565,0.65944,0.010465,6.598,12.027,31.499,15.8
0.11824,0.67662,1.8885,2.6008,0.74793,0.0090018,5.184,5.1417,25.843,13.5
0.33279,0.6165,1.2651,3.153,0.57865,0.0092912,6.7864,8.2787,33.026,17.5
0.43076,0.60139,1.4731,4.1214,0.69313,0.010611,7.0144,10.058,30.831,0
0.33361,0.53316,1.255,2.3989,0.67782,0.01372,5.9301,10.367,31.795,15.1
0.17952,0.45859,1.7649,5.1627,0.613,0.014544,3.663,5.3854,31.329,13.9
0.27519,0.33853,1.1448,4.2046,0.63081,0.012573,6.4635,10.983,32.633,14.1
0.36056,0.61112,1.3195,4.6697,0.69216,0.013109,3.0854,13.4,22.83,10.7
0.38617,0.4025,1.4294,4.5546,0.58831,0.013257,7.6431,11.394,21.174,14.3
0.32934,0.35427,1.6909,3.2628,0.66838,0.010555,7.5174,8.7654,21.95,0
0.062372,0.57614,1.937,3.1331,0.70903,0.011022,3.6118,10.171,29.668,12.7
0.44144,0.37509,1.5923,3.8874,0.68317,0.012926,4.3893,6.5485,38.305,0
0.065879,0.68097,1.4064,4.6633,0.75421,0.011957,3.2595,12.9,35.732,11.7
0.25353,0.54061,1.3092,4.4147,0.62733,0.015183,4.6583,12.99,40.1,14
0.070095,0.4415,1.9652,3.4164,0.6261,0.013455,7.2801,12.913,33.44,14.1
0.34667,0.64383,1.4448,4.7245,0.65891,0.015637,6.9789,6.3604,25.924,16.4
0.10109,0.52047,1.0567,3.579,0.75654,0.013776,7.3445,9.9921,27.172,11.7
0.12321,0.77673,1.7563,5.0244,0.69425,0.010302,4.4392,5.6121,21.082,12.3
0.16182,0.30228,1.6771,4.8806,0.6304,0.0097011,6.955,9.7143,37.164,15
0.32323,0.45286,1.6593,4.0736,0.66503,0.010339,5.5495,12.513,30.476,15
0.34499,0.61188,1.9557,3.097,0.62846,0.011709,3.1209,11.365,34.111,0
0.1962,0.45288,1.4622,3.1166,0.60513,0.0098116,3.6598,14.495,32.291,10.5
0.34929,0.38656,1.0077,4.0202,0.63151,0.013542,7.2199,6.0435,34.688,17.5
0.28295,0.51308,1.4546,5.0734,0.59646,0.012916,6.1224,5.3313,36.037,17.7
0.38526,0.43708,1.4373,2.4279,0.67628,0.015102,4.0245,5.9761,24.679,15.4
0.31713,0.63945,1.631,3.5779,0.62287,0.01349,5.8001,11.667,23.102,13.6
0.31961,0.60819,1.9301,4.6598,0.59562,0.015645,3.9881,7.2068,20.193,14.5
0.17025,0.36468,1.5864,3.363,0.59728,0.01175,3.763,13.353,23.724,10
0.32182,0.65005,1.0149,2.6,0.56613,0.014661,3.2257,11.692,31.381,12
0.3712,0.41506,1.0253,2.8291,0.70218,0.012842,7.3385,12.418,22.561,12.5
0.43857,0.64323,1.0139,4.2107,0.6571,0.009243,3.5622,5.7963,35.176,17.7
0.14339,0.28521,1.5302,4.9642,0.68338,0.013829,4.1621,7.0984,20.914,11.8
0.31535,0.50435,1.4858,4.7584,0.7531,0.014318,4.2234,11.793,38.963,15.5
0.28448,0.69346,1.9268,4.086,0.56379,0.01029,3.1237,14.38,32.092,11.5
0.36791,0.4741,1.4942,3.4504,0.73835,0.01512,6.1558,7.9528,27.272,16.2
0.1482,0.62261,1.7746,4.6413,0.72124,0.010776,6.9925,11.327,25.768,13.2
0.20243,0.47192,1.5006,3.795,0.62903,0.01104,6.5076,14.371,34.834,13.2
0.28724,0.64324,1.3726,3.5331,0.66188,0.015501,5.2439,11.404,31.464,14
0.27151,0.22474,1.8022,4.1878,0.60007,0.0091021,6.8058,10.705,36.335,17.7
0.3039,0.6406,1.8873,4.171,0.58413,0.013996,5.2261,11.44,36.202,17.2
0.32135,0.2353,1.224,2.6772,0.74571,0.012607,6.3568,11.708,22.017,12.8
0.14003,0.37051,1.9138,2.8606,0.60972,0.013734,6.2325,12.067,40.908,14.7
0.34092,0.21166,1.5837,4.9359,0.57834,0.012882,7.644,7.0245,33.113,19.7
0.1007,0.64924,1.3147,2.7348,0.75608,0.01399,7.1182,11.862,37.215,12.8
0.26235,0.31331,1.493,3.8519,0.72566,0.01042,5.6287,13.108,28.858,13.2
0.2691,0.63046,1.2025,4.1046,0.56002,0.012592,5.8391,5.1004,42.292,18.2
0.38328,0.6651,1.7881,3.2942,0.59046,0.011466,6.2155,14.349,22.313,0
0.34551,0.23316,1.7572,3.5638,0.569,0.014894,3.8136,6.1807,26.769,16.3
0.17575,0.56365,1.6775,5.1362,0.75865,0.014303,4.3653,14.57,30.257,12
0.13665,0.57748,1.0149,2.3032,0.59605,0.010403,6.5868,9.4587,41.117,12.5
0.20592,0.70253,1.7484,3.9249,0.59211,0.012702,5.3034,8.8254,22.311,13
0.15366,0.4015,1.3751,2.6121,0.62335,0.010969,7.0906,8.4509,41.78,14.8
0.15721,0.66526,1.6092,2.2272,0.7003,0.0091103,6.4095,13.809,30.775,12.6
0.30254,0.55162,1.2274,4.5273,0.61753,0.015471,4.4824,10.393,28.321,13.1
0.14492,0.52714,1.1077,2.5848,0.57889,0.011176,7.0532,10.166,41.642,13.3
0.44219,0.39599,1.2196,3.728,0.6306,0.015016,4.2901,13.467,34.55,15.3
0.33776,0.40611,1.0093,2.7506,0.66148,0.0091697,5.7402,7.7918,37.386,16.4
0.40254,0.21481,1.3412,3.4375,0.576,0.0095555,3.3519,14.033,44.213,18.5
0.20652,0.38815,1.5533,4.5494,0.71966,0.015043,6.9798,5.0938,42.978,17
0.057185,0.21765,1.7115,3.7885,0.66492,0.012516,3.3184,7.3304,22.906,0
0.44591,0.24231,1.06,4.158,0.62881,0.0098996,6.1757,12.495,40.112,0
0.15761,0.46039,1.4018,3.9977,0.71402,0.015588,3.6473,7.5872,29.438,12.1
0.44749,0.40457,1.8996,2.8857,0.604,0.015938,7.7455,11.412,32.583,0
0.19325,0.66107,1.7844,2.2601,0.57049,0.011264,6.9884,11.332,44.55,16.9
0.1133,0.57001,1.3087,2.4285,0.73537,0.013135,4.5056,6.7107,28.477,11.8
0.076978,0.59209,1.2443,4.4471,0.6198,0.011932,3.2692,5.3386,24.645,11.4
0.15836,0.23975,1.3335,2.323,0.58026,0.0095031,7.5126,8.148,34.774,14.1
0.20105,0.77094,1.7424,4.8346,0.67978,0.013827,4.9456,7.2627,23.262,13.4
0.11899,0.76316,1.0345,4.812,0.66447,0.014658,5.2279,8.4954,38.909,11.9
0.19409,0.53396,1.8887,4.6938,0.60881,0.012049,7.1328,6.557,38.929,17.7
0.4006,0.50127,1.5703,4.7277,0.75693,0.014531,4.7434,10.049,26.36,15.4
0.25395,0.24717,1.0559,4.0783,0.68338,0.0095703,6.0376,10.477,41.378,14.8
0.30708,0.36298,1.1068,2.3548,0.68438,0.013893,4.3647,9.2497,29.126,13.2
0.082863,0.24186,1.1209,4.2069,0.60379,0.010661,3.0332,12.301,34.006,9.9
0.27079,0.64535,1.8246,3.3535,0.58719,0.01037,6.5915,11.726,21.476,13.5
0.20371,0.49474,1.7742,2.6167,0.65711,0.0095028,6.9272,8.9673,25.884,14.3
0.082227,0.2474,1.9274,2.7874,0.75132,0.011378,7.7898,8.4615,21.566,9.9
0.29499,0.53337,1.9065,2.777,0.71754,0.011434,7.8508,13.391,37.775,0
0.13596,0.20927,1.21,3.7827,0.58169,0.014976,7.5443,8.3673,31.709,13
0.051159,0.38654,1.4852,2.9598,0.69662,0.015378,5.8425,7.6828,43.192,0
0.075698,0.57578,1.9483,3.7225,0.75134,0.010904,5.625,14.142,25.347,12.1
0.38071,0.283,1.4378,4.7991,0.70086,0.012479,6.038,5.8083,26.016,16.4
0.060314,0.70789,1.0149,3.8245,0.58393,0.013116,6.1011,12.5,27.728,12.5
0.4166,0.66936,1.101,3.0166,0.7415,0.0097776,6.9391,6.0528,39.179,19.4
0.31482,0.66386,1.932,2.704,0.56408,0.014835,5.356,6.1165,22.206,16
0.096052,0.30078,1.9725,3.0313,0.6798,0.014965,4.2139,12.302,30,12.4
0.17424,0.59228,1.3918,2.5313,0.75571,0.012628,5.5288,8.2802,24.912,12.5
0.39516,0.36072,1.5387,3.8277,0.75265,0.010887,4.3186,8.1299,33.912,0
0.20128,0.34746,1.6762,2.9572,0.7523,0.012483,5.1289,10.708,35.306,14.3
0.3728,0.72847,1.16,2.4408,0.62263,0.013251,4.8837,14.285,21.405,10
0.44761,0.60017,1.6171,2.617,0.5658,0.013007,3.1399,12.145,25.331,0
0.15207,0.77516,1.1819,4.5687,0.56801,0.011164,7.8255,7.6999,23.027,12
0.29295,0.58721,1.8744,4.8653,0.57064,0.014317,7.2845,9.8472,21.857,15.1
0.086288,0.32013,1.7783,3.3951,0.72541,0.010036,6.6546,6.5289,40.941,14.8
0.26815,0.7767,1.0755,4.9748,0.63188,0.0094685,7.8197,11.525,30.495,13.8
0.28858,0.40825,1.2176,2.2868,0.59069,0.011614,7.3741,9.4415,35.924,16.6
0.20512,0.70232,1.7663,2.5501,0.57853,0.013622,4.8784,6.1079,35.575,15.8
0.29864,0.74698,1.6061,3.6293,0.67535,0.015875,5.5828,8.517,44.552,18.8
0.4468,0.73769,1.7416,4.1675,0.70667,0.012051,4.9882,7.2089,42.021,0
0.42683,0.76937,1.1064,2.3472,0.59274,0.012692,3.3387,5.1315,22.272,14.4
0.29297,0.23365,1.6581,3.9008,0.57477,0.010691,4.746,6.2974,38.465,18.4
0.22827,0.21057,1.6817,4.8158,0.58796,0.014676,4.2543,5.2739,33.248,15.4
0.42394,0.6616,1.4048,4.3267,0.65626,0.012088,7.7018,10.818,39.57,0
0.33592,0.2853,1.6929,3.3542,0.58555,0.013486,5.4775,5.6697,33.068,18.7
0.17582,0.71294,1.009,2.7811,0.73612,0.010526,4.5784,8.4696,39.982,12.2
0.27843,0.68794,1.0862,2.7497,0.6859,0.009447,6.7048,11.064,39.941,15.3
0.11424,0.64276,1.757,4.8172,0.64585,0.010312,4.5052,8.2376,31.03,12.7
0.19475,0.57536,1.9388,3.034,0.60892,0.015446,7.6211,8.1294,21.892,14.5
0.36235,0.27845,1.4615,3.4938,0.681,0.0098891,5.9852,6.3513,22.863,15.4
0.22643,0.36266,1.9441,3.7232,0.64906,0.01116,5.338,12.824,24.2,13
0.05898,0.62524,1.6051,3.4143,0.74295,0.01234,7.5711,9.9991,43.169,14.4
0.33146,0.61679,1.0046,3.794,0.64259,0.013397,5.7077,7.19,33.783,15.6
0.3951,0.20296,1.1251,4.4985,0.56408,0.0099984,4.5921,14.078,35.334,15.1
0.056359,0.38684,1.1928,2.9997,0.56534,0.014814,6.8114,12.242,40.548,0
0.35582,0.27234,1.3843,2.2571,0.56026,0.009049,3.8289,6.5344,32.867,17.1
0.21755,0.55629,1.277,3.9518,0.67703,0.0098511,3.383,5.3507,24.184,12
0.25967,0.70482,1.3064,2.7468,0.57302,0.015622,4.2138,11.284,25.147,11.6
0.1467,0.64605,1.156,4.6428,0.5788,0.015859,6.2561,7.8711,41.661,13.8
0.062056,0.65656,1.8962,4.0299,0.70415,0.012247,6.7844,5.1014,24.817,14.8
0.086581,0.30076,1.9422,4.7216,0.58746,0.013625,3.1824,6.5116,24.599,12.4
0.30814,0.71393,1.8534,3.6554,0.71618,0.010923,7.8269,14.935,22.091,0
0.18192,0.36098,1.2159,4.4744,0.63301,0.010078,3.8151,13.964,43.625,11.7
0.25699,0.21102,1.4193,2.5396,0.75037,0.010891,7.4583,13.982,39.368,15.2
0.41353,0.21001,1.9593,2.3991,0.61703,0.012417,7.8429,10.711,26.829,0
0.10163,0.29312,1.2688,3.475,0.63918,0.011977,6.0619,9.4981,20.281,11.1
0.063708,0.43926,1.9795,3.8016,0.74248,0.011269,4.4426,13.82,39.459,13.1
0.20776,0.7294,1.4257,3.5724,0.64499,0.012186,6.4671,5.9858,38.317,15.8
0.10201,0.49792,1.2597,3.9483,0.60552,0.015686,3.305,6.8625,35.586,11.7
0.16656,0.28231,1.1889,5.0432,0.61932,0.01066,6.2908,5.073,21.934,11.8
0.17383,0.33438,1.6953,4.274,0.73036,0.012913,5.8417,10.339,41.452,15
0.22854,0.43003,1.5954,3.0884,0.58022,0.011604,4.1008,11.462,39.396,14.4
0.22201,0.57264,1.2791,3.6074,0.62295,0.01479,6.7058,6.4731,21.687,12.9
0.26285,0.64637,1.8357,4.3353,0.73752,0.01014,3.9962,13.85,31.529,13.5
0.12482,0.63493,1.8836,4.5673,0.72859,0.012766,4.0379,10.334,41.063,13.7
0.13614,0.63004,1.8627,3.5871,0.6521,0.015598,6.1317,13.094,30.019,13
0.17856,0.42728,1.719,2.7525,0.658,0.0098454,3.6896,14.502,35.754,11.8
0.22546,0.62466,1.5296,4.1306,0.71564,0.013326,5.5004,9.8837,22.734,12.8
0.41662,0.45957,1.427,2.2612,0.66209,0.015746,4.3668,12.464,22.9,0
0.35773,0.65943,1.5408,2.6813,0.74602,0.010457,3.0888,11.046,35.164,0
0.23754,0.55779,1.7235,3.3976,0.67952,0.01198,3.5992,8.5295,33.649,14.5
0.10084,0.2489,1.2895,4.2037,0.65141,0.012495,3.2824,5.7661,28.427,11.2
0.18443,0.79098,1.7517,4.1129,0.73657,0.012583,4.871,13.868,26.124,12.2
